[Header]
Application Name,LabSolutions
Version,5.97 SP1
Data File Name,C:\Users\cremerlab\Desktop\griffin\2021-04-06_REL606_DM_glucose_turnover\2021-04-06_REL606_DM_glucose_turnover_462021_003_017.lcd
Output Date,4/7/2021
Output Time,6:03:02 AM

[File Information]
Type,Data File
Generated,4/7/2021 5:22:43 AM
Generated by,System Administrator
Modified,4/7/2021 6:03:02 AM
Modified by,System Administrator

[Sample Information]
Operator Name,System Administrator
Acquired,4/7/2021 5:23:01 AM
Sample Type,1:Standard
Level,3
Sample Name,2021-04-04_REL606_replicate_003_timepoint_003
Sample ID,003
ISTD Amount1,1
ISTD Amount2,1
ISTD Amount3,1
ISTD Amount4,1
ISTD Amount5,1
ISTD Amount6,1
ISTD Amount7,1
ISTD Amount8,1
ISTD Amount9,1
ISTD Amount10,1
ISTD Amount11,1
ISTD Amount12,1
ISTD Amount13,1
ISTD Amount14,1
ISTD Amount15,1
ISTD Amount16,1
ISTD Amount17,1
ISTD Amount18,1
ISTD Amount19,1
ISTD Amount20,1
ISTD Amount21,1
ISTD Amount22,1
ISTD Amount23,1
ISTD Amount24,1
ISTD Amount25,1
ISTD Amount26,1
ISTD Amount27,1
ISTD Amount28,1
ISTD Amount29,1
ISTD Amount30,1
ISTD Amount31,1
ISTD Amount32,1
Sample Amount,1
Dilution Factor,1
Vial#,21
Injection Volume,20

[Original Files]
Data File,C:\Users\cremerlab\Desktop\griffin\2021-04-06_REL606_DM_glucose_turnover\2021-04-06_REL606_DM_glucose_turnover_462021_003_017.lcd
Method File,C:\Users\cremerlab\Desktop\griffin\2.5mM_H2SO4_mobile_phase.lcm
Batch File,C:\Users\cremerlab\Desktop\griffin\2021-04-06_REL606_DM_glucose_turnover\2021-04-06_REL606_DM_glucose_turnover.lcb
Report Format File,c:\LabSolutions\System\DEFAULT.lsr

[File Description]


[Configuration]
Instrument Name,HPLC-PC-Instrument1
Instrument #,1
Line #,1
# of Detectors,2
Detector ID,Detector A,Detector B
Detector Name,Detector A,Detector B
# of Channels,1,1

[Peak Table(Detector A)]
# of Peaks,0

[Peak Table(Detector B)]
# of Peaks,6
Peak#,R.Time,I.Time,F.Time,Area,Height,A/H,Conc.,Mark,ID#,Name,k',Plate #,Plate Ht.,Tailing,Resolution,Sep.Factor,Area Ratio,Height Ratio,Conc. %,Norm Conc.
1,10.886,10.417,11.817,228750,13456,17.000,0.000,   ,,,0.000,9291,16.145,1.042,0.000,0.000,0,0,0.000,0.000
2,13.905,12.550,14.183,1601613,43289,36.998,0.000,   ,,,0.277,3205,46.807,0.000,4.211,0.000,0,0,0.000,0.000
3,14.329,14.183,14.967,157940,8365,18.881,0.000, V ,,,0.316,7423,20.208,0.000,0.514,1.140,0,0,0.000,0.000
4,15.677,14.967,17.508,957830,38287,25.017,0.000, V ,,,0.440,9261,16.198,1.149,2.046,1.391,0,0,0.000,0.000
5,19.082,18.767,19.533,1752,81,21.611,0.000,   ,,,0.753,16294,9.206,1.124,5.450,1.711,0,0,0.000,0.000
6,25.036,24.558,25.658,5507,193,28.513,0.000,   ,,,1.300,17329,8.656,1.078,8.764,1.726,0,0,0.000,0.000

[LC Chromatogram(Detector B-Ch1)]
Interval(msec),500
# of Points,4801
Start Time(min),0.000
End Time(min),40.000
Intensity Units,mV
Intensity Multiplier,0.001
R.Time (min),Intensity
0.00000,2
0.00833,2
0.01667,0
0.02500,1
0.03333,1
0.04167,1
0.05000,2
0.05833,2
0.06667,2
0.07500,2
0.08333,2
0.09167,2
0.10000,2
0.10833,3
0.11667,3
0.12500,3
0.13333,3
0.14167,4
0.15000,4
0.15833,5
0.16667,5
0.17500,6
0.18333,6
0.19167,6
0.20000,6
0.20833,6
0.21667,6
0.22500,6
0.23333,7
0.24167,7
0.25000,7
0.25833,8
0.26667,8
0.27500,8
0.28333,9
0.29167,9
0.30000,9
0.30833,10
0.31667,10
0.32500,10
0.33333,10
0.34167,10
0.35000,10
0.35833,11
0.36667,11
0.37500,11
0.38333,11
0.39167,12
0.40000,12
0.40833,13
0.41667,12
0.42500,12
0.43333,12
0.44167,12
0.45000,12
0.45833,12
0.46667,12
0.47500,12
0.48333,12
0.49167,12
0.50000,13
0.50833,13
0.51667,13
0.52500,12
0.53333,12
0.54167,12
0.55000,12
0.55833,11
0.56667,11
0.57500,11
0.58333,11
0.59167,11
0.60000,10
0.60833,10
0.61667,10
0.62500,9
0.63333,9
0.64167,9
0.65000,8
0.65833,8
0.66667,8
0.67500,8
0.68333,8
0.69167,8
0.70000,8
0.70833,8
0.71667,8
0.72500,8
0.73333,8
0.74167,8
0.75000,7
0.75833,7
0.76667,7
0.77500,7
0.78333,8
0.79167,8
0.80000,8
0.80833,8
0.81667,8
0.82500,8
0.83333,8
0.84167,8
0.85000,8
0.85833,9
0.86667,9
0.87500,9
0.88333,9
0.89167,9
0.90000,9
0.90833,10
0.91667,10
0.92500,10
0.93333,10
0.94167,11
0.95000,11
0.95833,11
0.96667,12
0.97500,12
0.98333,12
0.99167,13
1.00000,14
1.00833,14
1.01667,14
1.02500,14
1.03333,15
1.04167,15
1.05000,15
1.05833,16
1.06667,16
1.07500,16
1.08333,17
1.09167,17
1.10000,17
1.10833,18
1.11667,18
1.12500,19
1.13333,20
1.14167,21
1.15000,21
1.15833,22
1.16667,22
1.17500,22
1.18333,23
1.19167,23
1.20000,23
1.20833,24
1.21667,24
1.22500,24
1.23333,25
1.24167,25
1.25000,26
1.25833,26
1.26667,27
1.27500,27
1.28333,26
1.29167,26
1.30000,27
1.30833,27
1.31667,27
1.32500,28
1.33333,28
1.34167,29
1.35000,29
1.35833,29
1.36667,28
1.37500,29
1.38333,29
1.39167,29
1.40000,29
1.40833,29
1.41667,29
1.42500,29
1.43333,30
1.44167,30
1.45000,30
1.45833,29
1.46667,29
1.47500,29
1.48333,29
1.49167,29
1.50000,29
1.50833,29
1.51667,29
1.52500,29
1.53333,29
1.54167,28
1.55000,28
1.55833,27
1.56667,27
1.57500,27
1.58333,27
1.59167,27
1.60000,26
1.60833,26
1.61667,26
1.62500,26
1.63333,26
1.64167,25
1.65000,25
1.65833,25
1.66667,24
1.67500,24
1.68333,23
1.69167,22
1.70000,22
1.70833,21
1.71667,21
1.72500,20
1.73333,20
1.74167,19
1.75000,18
1.75833,17
1.76667,16
1.77500,15
1.78333,15
1.79167,14
1.80000,13
1.80833,12
1.81667,11
1.82500,10
1.83333,10
1.84167,9
1.85000,8
1.85833,8
1.86667,7
1.87500,6
1.88333,5
1.89167,4
1.90000,3
1.90833,2
1.91667,1
1.92500,0
1.93333,-1
1.94167,-2
1.95000,-3
1.95833,-3
1.96667,-4
1.97500,-5
1.98333,-5
1.99167,-6
2.00000,-7
2.00833,-8
2.01667,-8
2.02500,-9
2.03333,-9
2.04167,-9
2.05000,-10
2.05833,-10
2.06667,-11
2.07500,-11
2.08333,-11
2.09167,-12
2.10000,-13
2.10833,-13
2.11667,-13
2.12500,-13
2.13333,-13
2.14167,-13
2.15000,-13
2.15833,-13
2.16667,-13
2.17500,-13
2.18333,-13
2.19167,-13
2.20000,-13
2.20833,-12
2.21667,-12
2.22500,-12
2.23333,-12
2.24167,-11
2.25000,-11
2.25833,-11
2.26667,-11
2.27500,-11
2.28333,-11
2.29167,-10
2.30000,-10
2.30833,-9
2.31667,-8
2.32500,-8
2.33333,-8
2.34167,-7
2.35000,-6
2.35833,-6
2.36667,-6
2.37500,-6
2.38333,-6
2.39167,-5
2.40000,-5
2.40833,-5
2.41667,-4
2.42500,-4
2.43333,-3
2.44167,-2
2.45000,-2
2.45833,-2
2.46667,-1
2.47500,-0
2.48333,0
2.49167,0
2.50000,1
2.50833,1
2.51667,2
2.52500,3
2.53333,3
2.54167,4
2.55000,4
2.55833,4
2.56667,4
2.57500,4
2.58333,5
2.59167,5
2.60000,5
2.60833,5
2.61667,6
2.62500,6
2.63333,7
2.64167,7
2.65000,8
2.65833,8
2.66667,9
2.67500,9
2.68333,9
2.69167,10
2.70000,10
2.70833,11
2.71667,11
2.72500,12
2.73333,12
2.74167,13
2.75000,13
2.75833,13
2.76667,14
2.77500,14
2.78333,14
2.79167,14
2.80000,14
2.80833,15
2.81667,15
2.82500,16
2.83333,17
2.84167,17
2.85000,18
2.85833,18
2.86667,18
2.87500,18
2.88333,18
2.89167,18
2.90000,19
2.90833,19
2.91667,19
2.92500,20
2.93333,20
2.94167,21
2.95000,21
2.95833,21
2.96667,21
2.97500,22
2.98333,22
2.99167,22
3.00000,22
3.00833,22
3.01667,22
3.02500,22
3.03333,22
3.04167,23
3.05000,23
3.05833,23
3.06667,24
3.07500,24
3.08333,24
3.09167,24
3.10000,24
3.10833,23
3.11667,23
3.12500,23
3.13333,23
3.14167,23
3.15000,24
3.15833,24
3.16667,24
3.17500,24
3.18333,24
3.19167,24
3.20000,24
3.20833,23
3.21667,23
3.22500,22
3.23333,22
3.24167,22
3.25000,21
3.25833,21
3.26667,21
3.27500,20
3.28333,20
3.29167,19
3.30000,19
3.30833,19
3.31667,19
3.32500,18
3.33333,18
3.34167,18
3.35000,18
3.35833,17
3.36667,17
3.37500,17
3.38333,16
3.39167,16
3.40000,15
3.40833,14
3.41667,14
3.42500,14
3.43333,14
3.44167,13
3.45000,13
3.45833,13
3.46667,13
3.47500,13
3.48333,13
3.49167,13
3.50000,13
3.50833,13
3.51667,13
3.52500,14
3.53333,14
3.54167,14
3.55000,14
3.55833,14
3.56667,14
3.57500,14
3.58333,14
3.59167,14
3.60000,14
3.60833,15
3.61667,15
3.62500,15
3.63333,15
3.64167,14
3.65000,14
3.65833,14
3.66667,14
3.67500,13
3.68333,13
3.69167,14
3.70000,14
3.70833,14
3.71667,15
3.72500,15
3.73333,15
3.74167,15
3.75000,15
3.75833,15
3.76667,14
3.77500,14
3.78333,14
3.79167,14
3.80000,14
3.80833,14
3.81667,14
3.82500,13
3.83333,13
3.84167,13
3.85000,13
3.85833,13
3.86667,12
3.87500,12
3.88333,11
3.89167,11
3.90000,11
3.90833,10
3.91667,10
3.92500,10
3.93333,10
3.94167,11
3.95000,11
3.95833,11
3.96667,11
3.97500,11
3.98333,11
3.99167,11
4.00000,11
4.00833,12
4.01667,12
4.02500,12
4.03333,13
4.04167,13
4.05000,13
4.05833,13
4.06667,14
4.07500,14
4.08333,15
4.09167,15
4.10000,15
4.10833,16
4.11667,16
4.12500,17
4.13333,17
4.14167,17
4.15000,17
4.15833,18
4.16667,18
4.17500,19
4.18333,19
4.19167,20
4.20000,21
4.20833,21
4.21667,22
4.22500,23
4.23333,23
4.24167,23
4.25000,23
4.25833,24
4.26667,24
4.27500,24
4.28333,24
4.29167,24
4.30000,24
4.30833,24
4.31667,24
4.32500,24
4.33333,25
4.34167,25
4.35000,25
4.35833,25
4.36667,25
4.37500,25
4.38333,25
4.39167,25
4.40000,25
4.40833,25
4.41667,24
4.42500,24
4.43333,24
4.44167,23
4.45000,23
4.45833,23
4.46667,22
4.47500,22
4.48333,22
4.49167,22
4.50000,22
4.50833,21
4.51667,21
4.52500,20
4.53333,20
4.54167,20
4.55000,20
4.55833,20
4.56667,19
4.57500,19
4.58333,19
4.59167,18
4.60000,18
4.60833,18
4.61667,18
4.62500,18
4.63333,17
4.64167,17
4.65000,17
4.65833,17
4.66667,16
4.67500,16
4.68333,16
4.69167,16
4.70000,16
4.70833,15
4.71667,15
4.72500,16
4.73333,16
4.74167,15
4.75000,15
4.75833,15
4.76667,15
4.77500,15
4.78333,15
4.79167,15
4.80000,15
4.80833,15
4.81667,16
4.82500,16
4.83333,16
4.84167,16
4.85000,15
4.85833,15
4.86667,15
4.87500,15
4.88333,15
4.89167,15
4.90000,15
4.90833,15
4.91667,15
4.92500,15
4.93333,15
4.94167,14
4.95000,14
4.95833,15
4.96667,15
4.97500,15
4.98333,14
4.99167,14
5.00000,14
5.00833,14
5.01667,15
5.02500,15
5.03333,15
5.04167,14
5.05000,14
5.05833,14
5.06667,14
5.07500,14
5.08333,14
5.09167,14
5.10000,14
5.10833,14
5.11667,15
5.12500,15
5.13333,15
5.14167,15
5.15000,15
5.15833,15
5.16667,15
5.17500,15
5.18333,15
5.19167,15
5.20000,15
5.20833,15
5.21667,15
5.22500,15
5.23333,15
5.24167,15
5.25000,15
5.25833,14
5.26667,14
5.27500,14
5.28333,14
5.29167,14
5.30000,14
5.30833,14
5.31667,14
5.32500,14
5.33333,14
5.34167,14
5.35000,15
5.35833,15
5.36667,14
5.37500,14
5.38333,14
5.39167,14
5.40000,14
5.40833,14
5.41667,13
5.42500,13
5.43333,14
5.44167,14
5.45000,14
5.45833,14
5.46667,14
5.47500,14
5.48333,14
5.49167,14
5.50000,13
5.50833,13
5.51667,13
5.52500,13
5.53333,13
5.54167,13
5.55000,13
5.55833,13
5.56667,13
5.57500,13
5.58333,13
5.59167,13
5.60000,13
5.60833,14
5.61667,14
5.62500,14
5.63333,14
5.64167,14
5.65000,15
5.65833,15
5.66667,15
5.67500,15
5.68333,15
5.69167,15
5.70000,16
5.70833,16
5.71667,16
5.72500,16
5.73333,16
5.74167,17
5.75000,18
5.75833,18
5.76667,18
5.77500,18
5.78333,19
5.79167,19
5.80000,20
5.80833,20
5.81667,20
5.82500,21
5.83333,21
5.84167,21
5.85000,22
5.85833,22
5.86667,22
5.87500,22
5.88333,23
5.89167,23
5.90000,24
5.90833,24
5.91667,25
5.92500,26
5.93333,26
5.94167,26
5.95000,27
5.95833,27
5.96667,27
5.97500,27
5.98333,28
5.99167,28
6.00000,28
6.00833,29
6.01667,29
6.02500,29
6.03333,30
6.04167,30
6.05000,30
6.05833,31
6.06667,30
6.07500,31
6.08333,31
6.09167,31
6.10000,32
6.10833,32
6.11667,32
6.12500,32
6.13333,32
6.14167,32
6.15000,33
6.15833,33
6.16667,34
6.17500,34
6.18333,34
6.19167,34
6.20000,35
6.20833,35
6.21667,35
6.22500,35
6.23333,35
6.24167,35
6.25000,35
6.25833,35
6.26667,35
6.27500,35
6.28333,35
6.29167,35
6.30000,35
6.30833,35
6.31667,34
6.32500,34
6.33333,34
6.34167,34
6.35000,34
6.35833,34
6.36667,34
6.37500,34
6.38333,33
6.39167,33
6.40000,33
6.40833,32
6.41667,32
6.42500,32
6.43333,32
6.44167,32
6.45000,32
6.45833,32
6.46667,31
6.47500,31
6.48333,31
6.49167,31
6.50000,31
6.50833,31
6.51667,30
6.52500,30
6.53333,29
6.54167,29
6.55000,28
6.55833,28
6.56667,28
6.57500,27
6.58333,27
6.59167,26
6.60000,27
6.60833,27
6.61667,27
6.62500,27
6.63333,27
6.64167,26
6.65000,26
6.65833,25
6.66667,25
6.67500,24
6.68333,24
6.69167,23
6.70000,23
6.70833,22
6.71667,22
6.72500,22
6.73333,21
6.74167,21
6.75000,20
6.75833,19
6.76667,19
6.77500,18
6.78333,18
6.79167,18
6.80000,17
6.80833,17
6.81667,16
6.82500,15
6.83333,15
6.84167,14
6.85000,13
6.85833,13
6.86667,12
6.87500,12
6.88333,11
6.89167,11
6.90000,11
6.90833,10
6.91667,10
6.92500,10
6.93333,9
6.94167,9
6.95000,9
6.95833,8
6.96667,8
6.97500,7
6.98333,7
6.99167,7
7.00000,7
7.00833,7
7.01667,6
7.02500,6
7.03333,6
7.04167,6
7.05000,6
7.05833,6
7.06667,5
7.07500,5
7.08333,5
7.09167,5
7.10000,5
7.10833,5
7.11667,5
7.12500,5
7.13333,5
7.14167,5
7.15000,5
7.15833,5
7.16667,5
7.17500,5
7.18333,5
7.19167,5
7.20000,6
7.20833,6
7.21667,6
7.22500,6
7.23333,6
7.24167,6
7.25000,6
7.25833,7
7.26667,8
7.27500,8
7.28333,9
7.29167,9
7.30000,9
7.30833,10
7.31667,10
7.32500,11
7.33333,12
7.34167,12
7.35000,12
7.35833,13
7.36667,13
7.37500,14
7.38333,14
7.39167,15
7.40000,15
7.40833,16
7.41667,16
7.42500,16
7.43333,17
7.44167,17
7.45000,18
7.45833,18
7.46667,19
7.47500,20
7.48333,20
7.49167,21
7.50000,21
7.50833,22
7.51667,23
7.52500,23
7.53333,24
7.54167,24
7.55000,25
7.55833,25
7.56667,25
7.57500,26
7.58333,26
7.59167,26
7.60000,27
7.60833,27
7.61667,28
7.62500,28
7.63333,29
7.64167,30
7.65000,30
7.65833,31
7.66667,31
7.67500,31
7.68333,32
7.69167,32
7.70000,33
7.70833,33
7.71667,34
7.72500,34
7.73333,35
7.74167,35
7.75000,36
7.75833,36
7.76667,36
7.77500,36
7.78333,36
7.79167,37
7.80000,37
7.80833,38
7.81667,38
7.82500,38
7.83333,38
7.84167,38
7.85000,38
7.85833,39
7.86667,39
7.87500,39
7.88333,39
7.89167,39
7.90000,39
7.90833,39
7.91667,40
7.92500,40
7.93333,40
7.94167,40
7.95000,40
7.95833,40
7.96667,40
7.97500,39
7.98333,39
7.99167,39
8.00000,39
8.00833,38
8.01667,38
8.02500,38
8.03333,37
8.04167,37
8.05000,36
8.05833,35
8.06667,35
8.07500,35
8.08333,34
8.09167,34
8.10000,34
8.10833,33
8.11667,33
8.12500,33
8.13333,33
8.14167,32
8.15000,32
8.15833,31
8.16667,31
8.17500,31
8.18333,30
8.19167,30
8.20000,30
8.20833,29
8.21667,28
8.22500,28
8.23333,27
8.24167,27
8.25000,26
8.25833,26
8.26667,26
8.27500,26
8.28333,25
8.29167,25
8.30000,25
8.30833,25
8.31667,25
8.32500,25
8.33333,24
8.34167,24
8.35000,24
8.35833,23
8.36667,23
8.37500,23
8.38333,23
8.39167,23
8.40000,22
8.40833,22
8.41667,22
8.42500,22
8.43333,23
8.44167,23
8.45000,23
8.45833,23
8.46667,23
8.47500,23
8.48333,23
8.49167,23
8.50000,23
8.50833,22
8.51667,22
8.52500,22
8.53333,22
8.54167,22
8.55000,22
8.55833,22
8.56667,22
8.57500,22
8.58333,22
8.59167,22
8.60000,21
8.60833,21
8.61667,22
8.62500,21
8.63333,21
8.64167,21
8.65000,21
8.65833,20
8.66667,20
8.67500,20
8.68333,20
8.69167,19
8.70000,19
8.70833,19
8.71667,19
8.72500,19
8.73333,19
8.74167,19
8.75000,19
8.75833,19
8.76667,19
8.77500,19
8.78333,19
8.79167,18
8.80000,18
8.80833,18
8.81667,18
8.82500,19
8.83333,19
8.84167,18
8.85000,18
8.85833,19
8.86667,19
8.87500,20
8.88333,20
8.89167,20
8.90000,21
8.90833,21
8.91667,21
8.92500,22
8.93333,22
8.94167,23
8.95000,23
8.95833,23
8.96667,23
8.97500,23
8.98333,23
8.99167,23
9.00000,24
9.00833,24
9.01667,25
9.02500,25
9.03333,25
9.04167,26
9.05000,26
9.05833,26
9.06667,27
9.07500,27
9.08333,28
9.09167,28
9.10000,28
9.10833,29
9.11667,29
9.12500,30
9.13333,31
9.14167,31
9.15000,31
9.15833,32
9.16667,32
9.17500,33
9.18333,34
9.19167,34
9.20000,34
9.20833,34
9.21667,35
9.22500,35
9.23333,36
9.24167,36
9.25000,37
9.25833,37
9.26667,37
9.27500,37
9.28333,37
9.29167,38
9.30000,38
9.30833,39
9.31667,39
9.32500,39
9.33333,39
9.34167,40
9.35000,40
9.35833,40
9.36667,40
9.37500,40
9.38333,40
9.39167,40
9.40000,40
9.40833,40
9.41667,39
9.42500,39
9.43333,39
9.44167,38
9.45000,38
9.45833,38
9.46667,38
9.47500,38
9.48333,38
9.49167,37
9.50000,37
9.50833,37
9.51667,37
9.52500,36
9.53333,36
9.54167,36
9.55000,36
9.55833,36
9.56667,36
9.57500,36
9.58333,35
9.59167,35
9.60000,35
9.60833,34
9.61667,34
9.62500,34
9.63333,33
9.64167,33
9.65000,33
9.65833,33
9.66667,32
9.67500,32
9.68333,32
9.69167,31
9.70000,31
9.70833,30
9.71667,30
9.72500,29
9.73333,29
9.74167,29
9.75000,29
9.75833,29
9.76667,28
9.77500,28
9.78333,28
9.79167,27
9.80000,27
9.80833,26
9.81667,26
9.82500,25
9.83333,25
9.84167,24
9.85000,24
9.85833,24
9.86667,23
9.87500,23
9.88333,22
9.89167,22
9.90000,21
9.90833,21
9.91667,21
9.92500,20
9.93333,20
9.94167,20
9.95000,19
9.95833,19
9.96667,19
9.97500,19
9.98333,19
9.99167,19
10.00000,18
10.00833,18
10.01667,17
10.02500,17
10.03333,17
10.04167,17
10.05000,18
10.05833,18
10.06667,19
10.07500,19
10.08333,19
10.09167,19
10.10000,20
10.10833,20
10.11667,20
10.12500,20
10.13333,21
10.14167,21
10.15000,21
10.15833,22
10.16667,22
10.17500,22
10.18333,23
10.19167,23
10.20000,23
10.20833,24
10.21667,24
10.22500,25
10.23333,26
10.24167,26
10.25000,27
10.25833,27
10.26667,28
10.27500,28
10.28333,28
10.29167,29
10.30000,30
10.30833,30
10.31667,31
10.32500,31
10.33333,31
10.34167,32
10.35000,32
10.35833,33
10.36667,33
10.37500,34
10.38333,34
10.39167,34
10.40000,35
10.40833,35
10.41667,36
10.42500,37
10.43333,38
10.44167,40
10.45000,41
10.45833,43
10.46667,45
10.47500,49
10.48333,53
10.49167,58
10.50000,64
10.50833,72
10.51667,82
10.52500,96
10.53333,113
10.54167,135
10.55000,163
10.55833,196
10.56667,238
10.57500,289
10.58333,351
10.59167,426
10.60000,516
10.60833,622
10.61667,746
10.62500,890
10.63333,1058
10.64167,1249
10.65000,1468
10.65833,1714
10.66667,1991
10.67500,2299
10.68333,2638
10.69167,3010
10.70000,3414
10.70833,3850
10.71667,4316
10.72500,4813
10.73333,5336
10.74167,5884
10.75000,6452
10.75833,7036
10.76667,7633
10.77500,8235
10.78333,8838
10.79167,9434
10.80000,10017
10.80833,10579
10.81667,11112
10.82500,11608
10.83333,12061
10.84167,12462
10.85000,12805
10.85833,13084
10.86667,13294
10.87500,13430
10.88333,13490
10.89167,13471
10.90000,13375
10.90833,13202
10.91667,12956
10.92500,12640
10.93333,12261
10.94167,11826
10.95000,11340
10.95833,10814
10.96667,10256
10.97500,9674
10.98333,9078
10.99167,8474
11.00000,7872
11.00833,7277
11.01667,6697
11.02500,6136
11.03333,5599
11.04167,5088
11.05000,4607
11.05833,4156
11.06667,3737
11.07500,3350
11.08333,2994
11.09167,2668
11.10000,2372
11.10833,2104
11.11667,1863
11.12500,1645
11.13333,1451
11.14167,1278
11.15000,1125
11.15833,988
11.16667,867
11.17500,761
11.18333,668
11.19167,587
11.20000,515
11.20833,454
11.21667,400
11.22500,354
11.23333,314
11.24167,279
11.25000,249
11.25833,224
11.26667,202
11.27500,184
11.28333,168
11.29167,155
11.30000,144
11.30833,135
11.31667,127
11.32500,121
11.33333,116
11.34167,111
11.35000,107
11.35833,104
11.36667,101
11.37500,99
11.38333,97
11.39167,95
11.40000,94
11.40833,92
11.41667,91
11.42500,90
11.43333,89
11.44167,87
11.45000,86
11.45833,84
11.46667,83
11.47500,81
11.48333,79
11.49167,78
11.50000,76
11.50833,74
11.51667,73
11.52500,72
11.53333,70
11.54167,69
11.55000,67
11.55833,66
11.56667,64
11.57500,62
11.58333,61
11.59167,59
11.60000,58
11.60833,56
11.61667,54
11.62500,52
11.63333,51
11.64167,50
11.65000,48
11.65833,47
11.66667,46
11.67500,44
11.68333,43
11.69167,42
11.70000,41
11.70833,40
11.71667,39
11.72500,38
11.73333,37
11.74167,36
11.75000,35
11.75833,34
11.76667,33
11.77500,33
11.78333,32
11.79167,31
11.80000,31
11.80833,31
11.81667,30
11.82500,30
11.83333,29
11.84167,29
11.85000,28
11.85833,28
11.86667,28
11.87500,28
11.88333,28
11.89167,27
11.90000,27
11.90833,27
11.91667,27
11.92500,27
11.93333,28
11.94167,28
11.95000,28
11.95833,28
11.96667,27
11.97500,28
11.98333,28
11.99167,28
12.00000,29
12.00833,29
12.01667,30
12.02500,31
12.03333,31
12.04167,32
12.05000,32
12.05833,33
12.06667,33
12.07500,33
12.08333,34
12.09167,34
12.10000,34
12.10833,35
12.11667,35
12.12500,35
12.13333,35
12.14167,36
12.15000,36
12.15833,36
12.16667,37
12.17500,37
12.18333,37
12.19167,37
12.20000,38
12.20833,38
12.21667,38
12.22500,39
12.23333,39
12.24167,39
12.25000,38
12.25833,38
12.26667,38
12.27500,38
12.28333,37
12.29167,37
12.30000,38
12.30833,38
12.31667,38
12.32500,38
12.33333,37
12.34167,37
12.35000,38
12.35833,37
12.36667,37
12.37500,37
12.38333,37
12.39167,36
12.40000,36
12.40833,35
12.41667,35
12.42500,35
12.43333,36
12.44167,36
12.45000,36
12.45833,36
12.46667,35
12.47500,35
12.48333,35
12.49167,35
12.50000,35
12.50833,36
12.51667,36
12.52500,36
12.53333,37
12.54167,37
12.55000,38
12.55833,39
12.56667,40
12.57500,41
12.58333,42
12.59167,44
12.60000,46
12.60833,49
12.61667,52
12.62500,56
12.63333,62
12.64167,68
12.65000,75
12.65833,84
12.66667,95
12.67500,109
12.68333,125
12.69167,144
12.70000,166
12.70833,192
12.71667,222
12.72500,255
12.73333,293
12.74167,336
12.75000,385
12.75833,439
12.76667,499
12.77500,564
12.78333,637
12.79167,716
12.80000,801
12.80833,893
12.81667,992
12.82500,1097
12.83333,1209
12.84167,1328
12.85000,1454
12.85833,1586
12.86667,1725
12.87500,1870
12.88333,2021
12.89167,2178
12.90000,2341
12.90833,2510
12.91667,2684
12.92500,2864
12.93333,3048
12.94167,3239
12.95000,3433
12.95833,3633
12.96667,3837
12.97500,4045
12.98333,4258
12.99167,4474
13.00000,4695
13.00833,4919
13.01667,5147
13.02500,5379
13.03333,5614
13.04167,5852
13.05000,6094
13.05833,6339
13.06667,6587
13.07500,6838
13.08333,7092
13.09167,7349
13.10000,7609
13.10833,7871
13.11667,8136
13.12500,8403
13.13333,8674
13.14167,8946
13.15000,9221
13.15833,9499
13.16667,9779
13.17500,10061
13.18333,10346
13.19167,10634
13.20000,10924
13.20833,11216
13.21667,11510
13.22500,11807
13.23333,12106
13.24167,12407
13.25000,12711
13.25833,13017
13.26667,13326
13.27500,13637
13.28333,13949
13.29167,14265
13.30000,14583
13.30833,14903
13.31667,15226
13.32500,15551
13.33333,15878
13.34167,16207
13.35000,16540
13.35833,16874
13.36667,17211
13.37500,17550
13.38333,17892
13.39167,18236
13.40000,18582
13.40833,18930
13.41667,19281
13.42500,19635
13.43333,19992
13.44167,20350
13.45000,20711
13.45833,21075
13.46667,21442
13.47500,21811
13.48333,22183
13.49167,22557
13.50000,22934
13.50833,23313
13.51667,23696
13.52500,24081
13.53333,24468
13.54167,24858
13.55000,25251
13.55833,25647
13.56667,26046
13.57500,26448
13.58333,26852
13.59167,27259
13.60000,27668
13.60833,28081
13.61667,28496
13.62500,28915
13.63333,29337
13.64167,29761
13.65000,30188
13.65833,30619
13.66667,31052
13.67500,31488
13.68333,31928
13.69167,32370
13.70000,32815
13.70833,33263
13.71667,33715
13.72500,34169
13.73333,34627
13.74167,35088
13.75000,35553
13.75833,36021
13.76667,36492
13.77500,36965
13.78333,37442
13.79167,37922
13.80000,38405
13.80833,38892
13.81667,39380
13.82500,39868
13.83333,40356
13.84167,40840
13.85000,41314
13.85833,41773
13.86667,42204
13.87500,42594
13.88333,42927
13.89167,43181
13.90000,43332
13.90833,43355
13.91667,43223
13.92500,42912
13.93333,42401
13.94167,41674
13.95000,40721
13.95833,39542
13.96667,38144
13.97500,36545
13.98333,34768
13.99167,32845
14.00000,30812
14.00833,28708
14.01667,26573
14.02500,24447
14.03333,22364
14.04167,20357
14.05000,18452
14.05833,16670
14.06667,15025
14.07500,13527
14.08333,12180
14.09167,10986
14.10000,9941
14.10833,9040
14.11667,8275
14.12500,7638
14.13333,7120
14.14167,6712
14.15000,6402
14.15833,6183
14.16667,6044
14.17500,5977
14.18333,5972
14.19167,6021
14.20000,6115
14.20833,6248
14.21667,6410
14.22500,6595
14.23333,6796
14.24167,7006
14.25000,7218
14.25833,7427
14.26667,7627
14.27500,7813
14.28333,7982
14.29167,8128
14.30000,8250
14.30833,8343
14.31667,8407
14.32500,8439
14.33333,8439
14.34167,8408
14.35000,8344
14.35833,8250
14.36667,8127
14.37500,7976
14.38333,7799
14.39167,7599
14.40000,7379
14.40833,7141
14.41667,6887
14.42500,6622
14.43333,6347
14.44167,6065
14.45000,5780
14.45833,5493
14.46667,5206
14.47500,4923
14.48333,4643
14.49167,4370
14.50000,4104
14.50833,3847
14.51667,3600
14.52500,3363
14.53333,3137
14.54167,2923
14.55000,2721
14.55833,2530
14.56667,2350
14.57500,2182
14.58333,2026
14.59167,1879
14.60000,1744
14.60833,1618
14.61667,1501
14.62500,1394
14.63333,1295
14.64167,1203
14.65000,1119
14.65833,1043
14.66667,973
14.67500,909
14.68333,851
14.69167,797
14.70000,748
14.70833,704
14.71667,663
14.72500,626
14.73333,592
14.74167,562
14.75000,534
14.75833,509
14.76667,485
14.77500,464
14.78333,445
14.79167,427
14.80000,412
14.80833,398
14.81667,385
14.82500,373
14.83333,362
14.84167,352
14.85000,343
14.85833,335
14.86667,328
14.87500,321
14.88333,315
14.89167,310
14.90000,304
14.90833,300
14.91667,296
14.92500,294
14.93333,292
14.94167,290
14.95000,288
14.95833,287
14.96667,287
14.97500,287
14.98333,288
14.99167,289
15.00000,290
15.00833,291
15.01667,293
15.02500,296
15.03333,298
15.04167,302
15.05000,305
15.05833,309
15.06667,313
15.07500,318
15.08333,322
15.09167,327
15.10000,333
15.10833,339
15.11667,345
15.12500,353
15.13333,361
15.14167,370
15.15000,381
15.15833,393
15.16667,406
15.17500,422
15.18333,441
15.19167,464
15.20000,491
15.20833,523
15.21667,561
15.22500,607
15.23333,660
15.24167,724
15.25000,799
15.25833,888
15.26667,992
15.27500,1114
15.28333,1255
15.29167,1420
15.30000,1609
15.30833,1827
15.31667,2075
15.32500,2358
15.33333,2677
15.34167,3037
15.35000,3440
15.35833,3888
15.36667,4386
15.37500,4935
15.38333,5538
15.39167,6196
15.40000,6911
15.40833,7684
15.41667,8516
15.42500,9405
15.43333,10352
15.44167,11355
15.45000,12411
15.45833,13518
15.46667,14671
15.47500,15866
15.48333,17099
15.49167,18363
15.50000,19651
15.50833,20956
15.51667,22271
15.52500,23587
15.53333,24897
15.54167,26192
15.55000,27462
15.55833,28698
15.56667,29892
15.57500,31035
15.58333,32119
15.59167,33136
15.60000,34079
15.60833,34941
15.61667,35717
15.62500,36401
15.63333,36988
15.64167,37475
15.65000,37860
15.65833,38141
15.66667,38317
15.67500,38389
15.68333,38357
15.69167,38223
15.70000,37990
15.70833,37662
15.71667,37241
15.72500,36733
15.73333,36143
15.74167,35477
15.75000,34741
15.75833,33941
15.76667,33083
15.77500,32174
15.78333,31221
15.79167,30230
15.80000,29209
15.80833,28163
15.81667,27100
15.82500,26024
15.83333,24942
15.84167,23858
15.85000,22780
15.85833,21710
15.86667,20653
15.87500,19613
15.88333,18595
15.89167,17600
15.90000,16632
15.90833,15693
15.91667,14784
15.92500,13908
15.93333,13065
15.94167,12257
15.95000,11484
15.95833,10747
15.96667,10045
15.97500,9379
15.98333,8748
15.99167,8151
16.00000,7588
16.00833,7058
16.01667,6560
16.02500,6093
16.03333,5656
16.04167,5248
16.05000,4867
16.05833,4512
16.06667,4182
16.07500,3875
16.08333,3591
16.09167,3327
16.10000,3084
16.10833,2858
16.11667,2650
16.12500,2458
16.13333,2282
16.14167,2119
16.15000,1969
16.15833,1832
16.16667,1706
16.17500,1590
16.18333,1484
16.19167,1386
16.20000,1297
16.20833,1215
16.21667,1140
16.22500,1071
16.23333,1008
16.24167,950
16.25000,897
16.25833,848
16.26667,804
16.27500,763
16.28333,726
16.29167,692
16.30000,660
16.30833,631
16.31667,604
16.32500,579
16.33333,556
16.34167,535
16.35000,516
16.35833,498
16.36667,482
16.37500,467
16.38333,453
16.39167,440
16.40000,427
16.40833,416
16.41667,405
16.42500,396
16.43333,386
16.44167,378
16.45000,370
16.45833,362
16.46667,355
16.47500,348
16.48333,342
16.49167,336
16.50000,331
16.50833,325
16.51667,320
16.52500,316
16.53333,312
16.54167,307
16.55000,304
16.55833,300
16.56667,297
16.57500,294
16.58333,291
16.59167,288
16.60000,285
16.60833,283
16.61667,280
16.62500,278
16.63333,276
16.64167,274
16.65000,271
16.65833,269
16.66667,267
16.67500,266
16.68333,264
16.69167,262
16.70000,261
16.70833,259
16.71667,258
16.72500,257
16.73333,256
16.74167,254
16.75000,253
16.75833,252
16.76667,251
16.77500,250
16.78333,249
16.79167,248
16.80000,247
16.80833,245
16.81667,244
16.82500,243
16.83333,242
16.84167,241
16.85000,240
16.85833,238
16.86667,237
16.87500,235
16.88333,234
16.89167,232
16.90000,231
16.90833,230
16.91667,228
16.92500,227
16.93333,226
16.94167,225
16.95000,223
16.95833,221
16.96667,220
16.97500,218
16.98333,217
16.99167,216
17.00000,214
17.00833,213
17.01667,211
17.02500,210
17.03333,208
17.04167,206
17.05000,204
17.05833,203
17.06667,201
17.07500,200
17.08333,199
17.09167,197
17.10000,195
17.10833,194
17.11667,192
17.12500,190
17.13333,189
17.14167,188
17.15000,186
17.15833,184
17.16667,183
17.17500,181
17.18333,179
17.19167,177
17.20000,175
17.20833,174
17.21667,173
17.22500,172
17.23333,170
17.24167,169
17.25000,168
17.25833,166
17.26667,165
17.27500,164
17.28333,163
17.29167,161
17.30000,160
17.30833,159
17.31667,158
17.32500,157
17.33333,156
17.34167,154
17.35000,153
17.35833,152
17.36667,151
17.37500,150
17.38333,149
17.39167,149
17.40000,148
17.40833,147
17.41667,146
17.42500,145
17.43333,145
17.44167,144
17.45000,143
17.45833,143
17.46667,142
17.47500,141
17.48333,141
17.49167,140
17.50000,140
17.50833,140
17.51667,139
17.52500,139
17.53333,139
17.54167,138
17.55000,137
17.55833,137
17.56667,136
17.57500,136
17.58333,136
17.59167,136
17.60000,136
17.60833,136
17.61667,135
17.62500,135
17.63333,134
17.64167,133
17.65000,133
17.65833,133
17.66667,133
17.67500,133
17.68333,133
17.69167,133
17.70000,133
17.70833,133
17.71667,133
17.72500,133
17.73333,132
17.74167,132
17.75000,132
17.75833,131
17.76667,131
17.77500,131
17.78333,131
17.79167,131
17.80000,131
17.80833,131
17.81667,131
17.82500,131
17.83333,131
17.84167,130
17.85000,130
17.85833,130
17.86667,130
17.87500,130
17.88333,129
17.89167,129
17.90000,128
17.90833,128
17.91667,128
17.92500,128
17.93333,129
17.94167,129
17.95000,129
17.95833,129
17.96667,129
17.97500,129
17.98333,129
17.99167,128
18.00000,128
18.00833,128
18.01667,128
18.02500,128
18.03333,128
18.04167,128
18.05000,128
18.05833,128
18.06667,128
18.07500,128
18.08333,128
18.09167,128
18.10000,128
18.10833,128
18.11667,128
18.12500,128
18.13333,127
18.14167,127
18.15000,127
18.15833,127
18.16667,127
18.17500,127
18.18333,127
18.19167,127
18.20000,127
18.20833,127
18.21667,127
18.22500,127
18.23333,127
18.24167,126
18.25000,126
18.25833,125
18.26667,125
18.27500,125
18.28333,125
18.29167,125
18.30000,124
18.30833,124
18.31667,123
18.32500,123
18.33333,123
18.34167,123
18.35000,122
18.35833,122
18.36667,121
18.37500,121
18.38333,121
18.39167,121
18.40000,120
18.40833,120
18.41667,120
18.42500,120
18.43333,119
18.44167,119
18.45000,119
18.45833,119
18.46667,119
18.47500,119
18.48333,118
18.49167,118
18.50000,118
18.50833,118
18.51667,118
18.52500,119
18.53333,119
18.54167,119
18.55000,120
18.55833,120
18.56667,119
18.57500,119
18.58333,119
18.59167,120
18.60000,120
18.60833,119
18.61667,120
18.62500,120
18.63333,120
18.64167,121
18.65000,121
18.65833,122
18.66667,122
18.67500,122
18.68333,123
18.69167,123
18.70000,123
18.70833,124
18.71667,124
18.72500,125
18.73333,126
18.74167,127
18.75000,128
18.75833,129
18.76667,130
18.77500,131
18.78333,133
18.79167,134
18.80000,135
18.80833,137
18.81667,139
18.82500,141
18.83333,143
18.84167,145
18.85000,147
18.85833,149
18.86667,152
18.87500,154
18.88333,157
18.89167,160
18.90000,162
18.90833,165
18.91667,167
18.92500,171
18.93333,174
18.94167,177
18.95000,179
18.95833,182
18.96667,185
18.97500,188
18.98333,190
18.99167,193
19.00000,195
19.00833,197
19.01667,199
19.02500,200
19.03333,201
19.04167,203
19.05000,203
19.05833,204
19.06667,205
19.07500,205
19.08333,205
19.09167,205
19.10000,204
19.10833,204
19.11667,203
19.12500,202
19.13333,200
19.14167,199
19.15000,197
19.15833,195
19.16667,192
19.17500,190
19.18333,188
19.19167,185
19.20000,182
19.20833,180
19.21667,177
19.22500,175
19.23333,172
19.24167,169
19.25000,166
19.25833,164
19.26667,161
19.27500,159
19.28333,156
19.29167,153
19.30000,151
19.30833,149
19.31667,146
19.32500,144
19.33333,142
19.34167,140
19.35000,138
19.35833,135
19.36667,133
19.37500,131
19.38333,130
19.39167,128
19.40000,127
19.40833,125
19.41667,124
19.42500,123
19.43333,122
19.44167,121
19.45000,121
19.45833,120
19.46667,120
19.47500,119
19.48333,118
19.49167,117
19.50000,117
19.50833,116
19.51667,116
19.52500,116
19.53333,115
19.54167,115
19.55000,115
19.55833,114
19.56667,114
19.57500,113
19.58333,113
19.59167,113
19.60000,113
19.60833,113
19.61667,113
19.62500,113
19.63333,113
19.64167,113
19.65000,113
19.65833,113
19.66667,113
19.67500,113
19.68333,113
19.69167,112
19.70000,112
19.70833,112
19.71667,112
19.72500,112
19.73333,112
19.74167,111
19.75000,111
19.75833,111
19.76667,111
19.77500,110
19.78333,110
19.79167,110
19.80000,110
19.80833,109
19.81667,109
19.82500,108
19.83333,108
19.84167,108
19.85000,107
19.85833,107
19.86667,107
19.87500,106
19.88333,105
19.89167,105
19.90000,104
19.90833,103
19.91667,102
19.92500,102
19.93333,101
19.94167,100
19.95000,99
19.95833,99
19.96667,98
19.97500,98
19.98333,97
19.99167,96
20.00000,95
20.00833,95
20.01667,94
20.02500,94
20.03333,93
20.04167,92
20.05000,91
20.05833,90
20.06667,89
20.07500,89
20.08333,89
20.09167,88
20.10000,88
20.10833,87
20.11667,87
20.12500,86
20.13333,85
20.14167,85
20.15000,84
20.15833,84
20.16667,83
20.17500,82
20.18333,81
20.19167,80
20.20000,80
20.20833,79
20.21667,79
20.22500,79
20.23333,78
20.24167,78
20.25000,77
20.25833,77
20.26667,76
20.27500,76
20.28333,75
20.29167,75
20.30000,75
20.30833,74
20.31667,74
20.32500,74
20.33333,73
20.34167,73
20.35000,73
20.35833,72
20.36667,72
20.37500,72
20.38333,72
20.39167,72
20.40000,71
20.40833,71
20.41667,71
20.42500,71
20.43333,71
20.44167,70
20.45000,70
20.45833,69
20.46667,69
20.47500,69
20.48333,69
20.49167,69
20.50000,69
20.50833,69
20.51667,69
20.52500,69
20.53333,68
20.54167,68
20.55000,68
20.55833,68
20.56667,68
20.57500,68
20.58333,67
20.59167,67
20.60000,67
20.60833,67
20.61667,66
20.62500,66
20.63333,66
20.64167,66
20.65000,66
20.65833,66
20.66667,66
20.67500,66
20.68333,66
20.69167,66
20.70000,66
20.70833,66
20.71667,66
20.72500,67
20.73333,67
20.74167,67
20.75000,67
20.75833,67
20.76667,67
20.77500,67
20.78333,67
20.79167,68
20.80000,68
20.80833,68
20.81667,68
20.82500,68
20.83333,68
20.84167,68
20.85000,68
20.85833,68
20.86667,68
20.87500,68
20.88333,68
20.89167,69
20.90000,69
20.90833,70
20.91667,70
20.92500,70
20.93333,71
20.94167,71
20.95000,71
20.95833,71
20.96667,72
20.97500,72
20.98333,73
20.99167,73
21.00000,74
21.00833,75
21.01667,75
21.02500,75
21.03333,76
21.04167,76
21.05000,77
21.05833,78
21.06667,79
21.07500,79
21.08333,80
21.09167,81
21.10000,81
21.10833,82
21.11667,82
21.12500,83
21.13333,83
21.14167,84
21.15000,85
21.15833,85
21.16667,86
21.17500,87
21.18333,88
21.19167,88
21.20000,88
21.20833,88
21.21667,88
21.22500,89
21.23333,89
21.24167,89
21.25000,89
21.25833,89
21.26667,89
21.27500,90
21.28333,90
21.29167,91
21.30000,91
21.30833,92
21.31667,92
21.32500,92
21.33333,92
21.34167,92
21.35000,92
21.35833,92
21.36667,92
21.37500,91
21.38333,91
21.39167,91
21.40000,91
21.40833,90
21.41667,90
21.42500,89
21.43333,89
21.44167,89
21.45000,89
21.45833,88
21.46667,88
21.47500,88
21.48333,87
21.49167,87
21.50000,87
21.50833,86
21.51667,86
21.52500,86
21.53333,85
21.54167,85
21.55000,84
21.55833,83
21.56667,83
21.57500,83
21.58333,82
21.59167,81
21.60000,81
21.60833,81
21.61667,81
21.62500,80
21.63333,80
21.64167,79
21.65000,78
21.65833,78
21.66667,77
21.67500,77
21.68333,76
21.69167,75
21.70000,74
21.70833,74
21.71667,74
21.72500,73
21.73333,73
21.74167,73
21.75000,72
21.75833,71
21.76667,71
21.77500,71
21.78333,71
21.79167,70
21.80000,70
21.80833,69
21.81667,68
21.82500,68
21.83333,67
21.84167,67
21.85000,67
21.85833,67
21.86667,67
21.87500,66
21.88333,65
21.89167,65
21.90000,65
21.90833,64
21.91667,64
21.92500,64
21.93333,64
21.94167,64
21.95000,64
21.95833,64
21.96667,64
21.97500,64
21.98333,64
21.99167,64
22.00000,65
22.00833,64
22.01667,64
22.02500,64
22.03333,64
22.04167,63
22.05000,63
22.05833,63
22.06667,64
22.07500,64
22.08333,64
22.09167,64
22.10000,64
22.10833,64
22.11667,64
22.12500,64
22.13333,64
22.14167,64
22.15000,65
22.15833,65
22.16667,65
22.17500,65
22.18333,65
22.19167,65
22.20000,65
22.20833,65
22.21667,65
22.22500,64
22.23333,64
22.24167,64
22.25000,64
22.25833,64
22.26667,64
22.27500,64
22.28333,64
22.29167,63
22.30000,63
22.30833,63
22.31667,64
22.32500,64
22.33333,64
22.34167,63
22.35000,63
22.35833,63
22.36667,63
22.37500,63
22.38333,63
22.39167,64
22.40000,64
22.40833,65
22.41667,65
22.42500,66
22.43333,66
22.44167,67
22.45000,67
22.45833,67
22.46667,68
22.47500,68
22.48333,68
22.49167,69
22.50000,69
22.50833,70
22.51667,71
22.52500,72
22.53333,72
22.54167,73
22.55000,74
22.55833,75
22.56667,76
22.57500,77
22.58333,77
22.59167,78
22.60000,79
22.60833,80
22.61667,81
22.62500,82
22.63333,83
22.64167,84
22.65000,85
22.65833,86
22.66667,87
22.67500,88
22.68333,89
22.69167,90
22.70000,91
22.70833,92
22.71667,93
22.72500,94
22.73333,96
22.74167,97
22.75000,98
22.75833,99
22.76667,99
22.77500,100
22.78333,102
22.79167,103
22.80000,104
22.80833,104
22.81667,105
22.82500,106
22.83333,107
22.84167,108
22.85000,109
22.85833,109
22.86667,110
22.87500,110
22.88333,110
22.89167,110
22.90000,111
22.90833,111
22.91667,111
22.92500,112
22.93333,112
22.94167,112
22.95000,112
22.95833,112
22.96667,112
22.97500,112
22.98333,112
22.99167,112
23.00000,112
23.00833,112
23.01667,111
23.02500,111
23.03333,111
23.04167,111
23.05000,111
23.05833,110
23.06667,110
23.07500,110
23.08333,109
23.09167,109
23.10000,109
23.10833,108
23.11667,108
23.12500,107
23.13333,107
23.14167,107
23.15000,106
23.15833,105
23.16667,105
23.17500,104
23.18333,104
23.19167,104
23.20000,104
23.20833,103
23.21667,103
23.22500,103
23.23333,102
23.24167,101
23.25000,100
23.25833,99
23.26667,98
23.27500,98
23.28333,97
23.29167,96
23.30000,96
23.30833,95
23.31667,94
23.32500,94
23.33333,93
23.34167,93
23.35000,93
23.35833,93
23.36667,93
23.37500,92
23.38333,92
23.39167,91
23.40000,91
23.40833,90
23.41667,89
23.42500,89
23.43333,88
23.44167,88
23.45000,87
23.45833,87
23.46667,87
23.47500,86
23.48333,86
23.49167,86
23.50000,86
23.50833,85
23.51667,85
23.52500,85
23.53333,85
23.54167,85
23.55000,85
23.55833,85
23.56667,85
23.57500,85
23.58333,85
23.59167,84
23.60000,84
23.60833,85
23.61667,85
23.62500,85
23.63333,84
23.64167,84
23.65000,85
23.65833,85
23.66667,85
23.67500,85
23.68333,85
23.69167,85
23.70000,84
23.70833,84
23.71667,84
23.72500,84
23.73333,83
23.74167,83
23.75000,82
23.75833,82
23.76667,82
23.77500,81
23.78333,81
23.79167,81
23.80000,81
23.80833,81
23.81667,81
23.82500,81
23.83333,81
23.84167,80
23.85000,80
23.85833,80
23.86667,80
23.87500,80
23.88333,79
23.89167,79
23.90000,79
23.90833,78
23.91667,77
23.92500,77
23.93333,76
23.94167,76
23.95000,76
23.95833,76
23.96667,76
23.97500,76
23.98333,76
23.99167,75
24.00000,75
24.00833,75
24.01667,75
24.02500,75
24.03333,75
24.04167,75
24.05000,75
24.05833,75
24.06667,75
24.07500,75
24.08333,75
24.09167,75
24.10000,75
24.10833,75
24.11667,75
24.12500,75
24.13333,76
24.14167,76
24.15000,76
24.15833,76
24.16667,76
24.17500,76
24.18333,76
24.19167,77
24.20000,77
24.20833,78
24.21667,78
24.22500,78
24.23333,79
24.24167,79
24.25000,79
24.25833,80
24.26667,80
24.27500,80
24.28333,80
24.29167,81
24.30000,81
24.30833,82
24.31667,82
24.32500,83
24.33333,83
24.34167,83
24.35000,83
24.35833,83
24.36667,84
24.37500,84
24.38333,84
24.39167,85
24.40000,85
24.40833,85
24.41667,86
24.42500,87
24.43333,88
24.44167,89
24.45000,89
24.45833,90
24.46667,90
24.47500,91
24.48333,91
24.49167,92
24.50000,93
24.50833,93
24.51667,94
24.52500,95
24.53333,95
24.54167,96
24.55000,97
24.55833,99
24.56667,100
24.57500,101
24.58333,102
24.59167,104
24.60000,106
24.60833,108
24.61667,110
24.62500,112
24.63333,113
24.64167,115
24.65000,118
24.65833,120
24.66667,123
24.67500,125
24.68333,128
24.69167,131
24.70000,134
24.70833,138
24.71667,141
24.72500,145
24.73333,149
24.74167,153
24.75000,157
24.75833,162
24.76667,166
24.77500,171
24.78333,176
24.79167,181
24.80000,186
24.80833,191
24.81667,196
24.82500,202
24.83333,207
24.84167,212
24.85000,217
24.85833,222
24.86667,228
24.87500,233
24.88333,238
24.89167,243
24.90000,248
24.90833,252
24.91667,256
24.92500,261
24.93333,265
24.94167,268
24.95000,271
24.95833,274
24.96667,277
24.97500,279
24.98333,281
24.99167,284
25.00000,285
25.00833,286
25.01667,287
25.02500,287
25.03333,288
25.04167,288
25.05000,287
25.05833,286
25.06667,285
25.07500,283
25.08333,281
25.09167,278
25.10000,275
25.10833,272
25.11667,269
25.12500,266
25.13333,263
25.14167,259
25.15000,255
25.15833,251
25.16667,246
25.17500,241
25.18333,237
25.19167,232
25.20000,227
25.20833,221
25.21667,216
25.22500,211
25.23333,206
25.24167,201
25.25000,196
25.25833,191
25.26667,187
25.27500,182
25.28333,178
25.29167,173
25.30000,169
25.30833,165
25.31667,161
25.32500,157
25.33333,153
25.34167,149
25.35000,145
25.35833,141
25.36667,138
25.37500,135
25.38333,132
25.39167,129
25.40000,126
25.40833,123
25.41667,121
25.42500,119
25.43333,117
25.44167,115
25.45000,113
25.45833,111
25.46667,109
25.47500,108
25.48333,106
25.49167,105
25.50000,104
25.50833,103
25.51667,102
25.52500,100
25.53333,99
25.54167,98
25.55000,98
25.55833,97
25.56667,96
25.57500,96
25.58333,95
25.59167,94
25.60000,93
25.60833,92
25.61667,92
25.62500,91
25.63333,90
25.64167,90
25.65000,90
25.65833,89
25.66667,89
25.67500,89
25.68333,88
25.69167,88
25.70000,87
25.70833,87
25.71667,86
25.72500,86
25.73333,85
25.74167,85
25.75000,85
25.75833,85
25.76667,85
25.77500,85
25.78333,85
25.79167,85
25.80000,85
25.80833,85
25.81667,85
25.82500,85
25.83333,84
25.84167,84
25.85000,84
25.85833,84
25.86667,84
25.87500,84
25.88333,84
25.89167,84
25.90000,84
25.90833,84
25.91667,84
25.92500,85
25.93333,85
25.94167,85
25.95000,86
25.95833,86
25.96667,86
25.97500,86
25.98333,87
25.99167,87
26.00000,87
26.00833,87
26.01667,88
26.02500,88
26.03333,89
26.04167,89
26.05000,89
26.05833,89
26.06667,89
26.07500,89
26.08333,89
26.09167,89
26.10000,89
26.10833,89
26.11667,89
26.12500,90
26.13333,90
26.14167,90
26.15000,90
26.15833,90
26.16667,90
26.17500,90
26.18333,90
26.19167,90
26.20000,90
26.20833,89
26.21667,89
26.22500,89
26.23333,89
26.24167,89
26.25000,89
26.25833,89
26.26667,89
26.27500,89
26.28333,89
26.29167,89
26.30000,89
26.30833,89
26.31667,89
26.32500,89
26.33333,89
26.34167,89
26.35000,89
26.35833,89
26.36667,89
26.37500,89
26.38333,89
26.39167,89
26.40000,89
26.40833,89
26.41667,90
26.42500,90
26.43333,90
26.44167,90
26.45000,90
26.45833,91
26.46667,91
26.47500,92
26.48333,93
26.49167,93
26.50000,94
26.50833,94
26.51667,94
26.52500,94
26.53333,94
26.54167,94
26.55000,95
26.55833,96
26.56667,96
26.57500,97
26.58333,97
26.59167,98
26.60000,98
26.60833,99
26.61667,99
26.62500,100
26.63333,100
26.64167,101
26.65000,101
26.65833,101
26.66667,101
26.67500,101
26.68333,102
26.69167,102
26.70000,103
26.70833,103
26.71667,103
26.72500,104
26.73333,104
26.74167,104
26.75000,105
26.75833,105
26.76667,105
26.77500,105
26.78333,105
26.79167,105
26.80000,106
26.80833,106
26.81667,106
26.82500,106
26.83333,106
26.84167,106
26.85000,106
26.85833,106
26.86667,106
26.87500,106
26.88333,105
26.89167,105
26.90000,105
26.90833,104
26.91667,104
26.92500,104
26.93333,104
26.94167,103
26.95000,103
26.95833,103
26.96667,103
26.97500,102
26.98333,102
26.99167,102
27.00000,102
27.00833,102
27.01667,102
27.02500,102
27.03333,102
27.04167,101
27.05000,101
27.05833,101
27.06667,101
27.07500,100
27.08333,100
27.09167,99
27.10000,99
27.10833,98
27.11667,98
27.12500,98
27.13333,98
27.14167,98
27.15000,98
27.15833,97
27.16667,97
27.17500,97
27.18333,96
27.19167,96
27.20000,95
27.20833,95
27.21667,94
27.22500,94
27.23333,94
27.24167,93
27.25000,93
27.25833,93
27.26667,93
27.27500,92
27.28333,91
27.29167,91
27.30000,91
27.30833,91
27.31667,91
27.32500,91
27.33333,90
27.34167,90
27.35000,89
27.35833,89
27.36667,89
27.37500,88
27.38333,88
27.39167,88
27.40000,87
27.40833,87
27.41667,86
27.42500,85
27.43333,85
27.44167,85
27.45000,85
27.45833,85
27.46667,85
27.47500,85
27.48333,84
27.49167,84
27.50000,84
27.50833,84
27.51667,84
27.52500,85
27.53333,85
27.54167,85
27.55000,85
27.55833,85
27.56667,86
27.57500,86
27.58333,86
27.59167,86
27.60000,86
27.60833,86
27.61667,86
27.62500,86
27.63333,86
27.64167,86
27.65000,86
27.65833,87
27.66667,87
27.67500,87
27.68333,87
27.69167,87
27.70000,88
27.70833,88
27.71667,88
27.72500,88
27.73333,88
27.74167,89
27.75000,89
27.75833,89
27.76667,89
27.77500,88
27.78333,88
27.79167,87
27.80000,87
27.80833,86
27.81667,85
27.82500,85
27.83333,84
27.84167,84
27.85000,83
27.85833,83
27.86667,82
27.87500,81
27.88333,80
27.89167,78
27.90000,76
27.90833,75
27.91667,73
27.92500,71
27.93333,69
27.94167,68
27.95000,65
27.95833,63
27.96667,61
27.97500,59
27.98333,56
27.99167,53
28.00000,51
28.00833,48
28.01667,45
28.02500,42
28.03333,39
28.04167,36
28.05000,33
28.05833,30
28.06667,26
28.07500,23
28.08333,19
28.09167,15
28.10000,11
28.10833,7
28.11667,4
28.12500,1
28.13333,-3
28.14167,-6
28.15000,-9
28.15833,-12
28.16667,-15
28.17500,-18
28.18333,-21
28.19167,-24
28.20000,-27
28.20833,-30
28.21667,-33
28.22500,-35
28.23333,-38
28.24167,-40
28.25000,-42
28.25833,-44
28.26667,-46
28.27500,-48
28.28333,-49
28.29167,-50
28.30000,-51
28.30833,-52
28.31667,-53
28.32500,-54
28.33333,-55
28.34167,-55
28.35000,-55
28.35833,-55
28.36667,-54
28.37500,-54
28.38333,-53
28.39167,-52
28.40000,-52
28.40833,-51
28.41667,-49
28.42500,-48
28.43333,-46
28.44167,-45
28.45000,-43
28.45833,-41
28.46667,-39
28.47500,-37
28.48333,-35
28.49167,-32
28.50000,-30
28.50833,-27
28.51667,-25
28.52500,-23
28.53333,-20
28.54167,-17
28.55000,-15
28.55833,-12
28.56667,-9
28.57500,-5
28.58333,-3
28.59167,-0
28.60000,3
28.60833,6
28.61667,8
28.62500,11
28.63333,14
28.64167,17
28.65000,20
28.65833,22
28.66667,25
28.67500,28
28.68333,30
28.69167,32
28.70000,34
28.70833,36
28.71667,38
28.72500,40
28.73333,42
28.74167,44
28.75000,46
28.75833,48
28.76667,50
28.77500,51
28.78333,52
28.79167,53
28.80000,54
28.80833,55
28.81667,56
28.82500,57
28.83333,58
28.84167,59
28.85000,59
28.85833,60
28.86667,60
28.87500,61
28.88333,61
28.89167,62
28.90000,62
28.90833,63
28.91667,63
28.92500,62
28.93333,63
28.94167,63
28.95000,63
28.95833,63
28.96667,63
28.97500,63
28.98333,62
28.99167,62
29.00000,62
29.00833,62
29.01667,62
29.02500,62
29.03333,62
29.04167,63
29.05000,63
29.05833,63
29.06667,63
29.07500,63
29.08333,63
29.09167,63
29.10000,63
29.10833,63
29.11667,63
29.12500,63
29.13333,64
29.14167,64
29.15000,65
29.15833,65
29.16667,65
29.17500,66
29.18333,66
29.19167,66
29.20000,67
29.20833,67
29.21667,68
29.22500,68
29.23333,68
29.24167,69
29.25000,69
29.25833,69
29.26667,69
29.27500,70
29.28333,71
29.29167,71
29.30000,71
29.30833,72
29.31667,73
29.32500,73
29.33333,74
29.34167,74
29.35000,75
29.35833,75
29.36667,75
29.37500,76
29.38333,76
29.39167,77
29.40000,77
29.40833,77
29.41667,78
29.42500,78
29.43333,79
29.44167,80
29.45000,80
29.45833,81
29.46667,81
29.47500,81
29.48333,82
29.49167,82
29.50000,82
29.50833,82
29.51667,82
29.52500,82
29.53333,83
29.54167,83
29.55000,83
29.55833,83
29.56667,83
29.57500,83
29.58333,83
29.59167,84
29.60000,83
29.60833,83
29.61667,83
29.62500,83
29.63333,83
29.64167,83
29.65000,83
29.65833,82
29.66667,82
29.67500,81
29.68333,81
29.69167,80
29.70000,79
29.70833,79
29.71667,79
29.72500,78
29.73333,78
29.74167,77
29.75000,76
29.75833,76
29.76667,75
29.77500,74
29.78333,73
29.79167,72
29.80000,71
29.80833,70
29.81667,69
29.82500,68
29.83333,67
29.84167,66
29.85000,65
29.85833,64
29.86667,63
29.87500,62
29.88333,61
29.89167,60
29.90000,59
29.90833,58
29.91667,58
29.92500,57
29.93333,56
29.94167,55
29.95000,54
29.95833,53
29.96667,52
29.97500,51
29.98333,50
29.99167,50
30.00000,49
30.00833,48
30.01667,48
30.02500,47
30.03333,46
30.04167,46
30.05000,45
30.05833,45
30.06667,45
30.07500,44
30.08333,44
30.09167,44
30.10000,44
30.10833,44
30.11667,44
30.12500,44
30.13333,44
30.14167,44
30.15000,44
30.15833,45
30.16667,45
30.17500,45
30.18333,46
30.19167,46
30.20000,47
30.20833,47
30.21667,48
30.22500,49
30.23333,49
30.24167,50
30.25000,51
30.25833,52
30.26667,53
30.27500,53
30.28333,54
30.29167,55
30.30000,55
30.30833,56
30.31667,57
30.32500,58
30.33333,59
30.34167,60
30.35000,61
30.35833,62
30.36667,62
30.37500,63
30.38333,64
30.39167,65
30.40000,66
30.40833,67
30.41667,68
30.42500,69
30.43333,69
30.44167,70
30.45000,70
30.45833,71
30.46667,72
30.47500,73
30.48333,73
30.49167,74
30.50000,74
30.50833,75
30.51667,75
30.52500,76
30.53333,77
30.54167,77
30.55000,78
30.55833,78
30.56667,78
30.57500,79
30.58333,79
30.59167,79
30.60000,79
30.60833,79
30.61667,79
30.62500,79
30.63333,79
30.64167,79
30.65000,79
30.65833,79
30.66667,79
30.67500,79
30.68333,78
30.69167,78
30.70000,78
30.70833,78
30.71667,77
30.72500,78
30.73333,78
30.74167,78
30.75000,77
30.75833,77
30.76667,76
30.77500,76
30.78333,76
30.79167,76
30.80000,75
30.80833,75
30.81667,75
30.82500,75
30.83333,75
30.84167,74
30.85000,74
30.85833,74
30.86667,74
30.87500,74
30.88333,73
30.89167,73
30.90000,73
30.90833,74
30.91667,74
30.92500,74
30.93333,74
30.94167,75
30.95000,75
30.95833,75
30.96667,75
30.97500,76
30.98333,76
30.99167,77
31.00000,77
31.00833,78
31.01667,78
31.02500,79
31.03333,80
31.04167,81
31.05000,81
31.05833,82
31.06667,83
31.07500,83
31.08333,84
31.09167,85
31.10000,86
31.10833,87
31.11667,88
31.12500,89
31.13333,90
31.14167,91
31.15000,92
31.15833,93
31.16667,94
31.17500,95
31.18333,96
31.19167,97
31.20000,99
31.20833,100
31.21667,101
31.22500,102
31.23333,103
31.24167,104
31.25000,105
31.25833,106
31.26667,107
31.27500,108
31.28333,109
31.29167,110
31.30000,111
31.30833,112
31.31667,114
31.32500,115
31.33333,115
31.34167,115
31.35000,116
31.35833,116
31.36667,117
31.37500,118
31.38333,118
31.39167,119
31.40000,120
31.40833,121
31.41667,121
31.42500,122
31.43333,122
31.44167,123
31.45000,123
31.45833,123
31.46667,123
31.47500,124
31.48333,124
31.49167,124
31.50000,124
31.50833,124
31.51667,124
31.52500,125
31.53333,125
31.54167,125
31.55000,125
31.55833,125
31.56667,125
31.57500,125
31.58333,124
31.59167,124
31.60000,124
31.60833,124
31.61667,124
31.62500,124
31.63333,124
31.64167,123
31.65000,123
31.65833,122
31.66667,122
31.67500,122
31.68333,121
31.69167,121
31.70000,121
31.70833,120
31.71667,120
31.72500,120
31.73333,119
31.74167,119
31.75000,119
31.75833,119
31.76667,118
31.77500,118
31.78333,117
31.79167,116
31.80000,116
31.80833,115
31.81667,114
31.82500,114
31.83333,114
31.84167,114
31.85000,113
31.85833,112
31.86667,112
31.87500,111
31.88333,111
31.89167,110
31.90000,110
31.90833,109
31.91667,109
31.92500,108
31.93333,108
31.94167,107
31.95000,107
31.95833,107
31.96667,106
31.97500,105
31.98333,105
31.99167,104
32.00000,103
32.00833,102
32.01667,102
32.02500,102
32.03333,101
32.04167,100
32.05000,100
32.05833,99
32.06667,99
32.07500,98
32.08333,98
32.09167,97
32.10000,97
32.10833,96
32.11667,96
32.12500,96
32.13333,95
32.14167,95
32.15000,94
32.15833,93
32.16667,93
32.17500,92
32.18333,91
32.19167,91
32.20000,90
32.20833,90
32.21667,90
32.22500,90
32.23333,90
32.24167,89
32.25000,89
32.25833,89
32.26667,89
32.27500,89
32.28333,89
32.29167,88
32.30000,88
32.30833,88
32.31667,88
32.32500,89
32.33333,89
32.34167,89
32.35000,89
32.35833,89
32.36667,88
32.37500,88
32.38333,89
32.39167,89
32.40000,89
32.40833,89
32.41667,89
32.42500,89
32.43333,90
32.44167,90
32.45000,90
32.45833,91
32.46667,91
32.47500,91
32.48333,91
32.49167,91
32.50000,92
32.50833,92
32.51667,92
32.52500,92
32.53333,93
32.54167,93
32.55000,93
32.55833,93
32.56667,94
32.57500,94
32.58333,95
32.59167,95
32.60000,95
32.60833,95
32.61667,95
32.62500,95
32.63333,96
32.64167,96
32.65000,96
32.65833,96
32.66667,96
32.67500,96
32.68333,96
32.69167,97
32.70000,97
32.70833,97
32.71667,97
32.72500,97
32.73333,97
32.74167,98
32.75000,98
32.75833,98
32.76667,98
32.77500,99
32.78333,99
32.79167,99
32.80000,100
32.80833,100
32.81667,100
32.82500,100
32.83333,100
32.84167,100
32.85000,101
32.85833,101
32.86667,101
32.87500,101
32.88333,101
32.89167,102
32.90000,102
32.90833,102
32.91667,102
32.92500,102
32.93333,102
32.94167,102
32.95000,102
32.95833,102
32.96667,103
32.97500,103
32.98333,103
32.99167,103
33.00000,103
33.00833,103
33.01667,103
33.02500,103
33.03333,103
33.04167,104
33.05000,104
33.05833,104
33.06667,104
33.07500,104
33.08333,104
33.09167,104
33.10000,104
33.10833,105
33.11667,105
33.12500,105
33.13333,105
33.14167,104
33.15000,105
33.15833,105
33.16667,105
33.17500,105
33.18333,105
33.19167,105
33.20000,105
33.20833,105
33.21667,105
33.22500,105
33.23333,105
33.24167,105
33.25000,106
33.25833,106
33.26667,106
33.27500,106
33.28333,106
33.29167,106
33.30000,106
33.30833,106
33.31667,106
33.32500,106
33.33333,106
33.34167,106
33.35000,106
33.35833,106
33.36667,106
33.37500,106
33.38333,106
33.39167,106
33.40000,107
33.40833,107
33.41667,107
33.42500,107
33.43333,106
33.44167,106
33.45000,106
33.45833,106
33.46667,106
33.47500,106
33.48333,106
33.49167,106
33.50000,107
33.50833,107
33.51667,106
33.52500,106
33.53333,106
33.54167,105
33.55000,105
33.55833,105
33.56667,105
33.57500,105
33.58333,106
33.59167,105
33.60000,105
33.60833,105
33.61667,105
33.62500,105
33.63333,105
33.64167,105
33.65000,104
33.65833,104
33.66667,104
33.67500,104
33.68333,104
33.69167,104
33.70000,105
33.70833,105
33.71667,104
33.72500,104
33.73333,105
33.74167,105
33.75000,105
33.75833,105
33.76667,105
33.77500,106
33.78333,106
33.79167,106
33.80000,106
33.80833,107
33.81667,107
33.82500,107
33.83333,108
33.84167,108
33.85000,108
33.85833,109
33.86667,110
33.87500,110
33.88333,111
33.89167,111
33.90000,112
33.90833,112
33.91667,113
33.92500,113
33.93333,113
33.94167,113
33.95000,114
33.95833,114
33.96667,114
33.97500,114
33.98333,115
33.99167,115
34.00000,116
34.00833,116
34.01667,117
34.02500,118
34.03333,118
34.04167,118
34.05000,118
34.05833,118
34.06667,119
34.07500,119
34.08333,120
34.09167,120
34.10000,120
34.10833,120
34.11667,120
34.12500,121
34.13333,121
34.14167,121
34.15000,121
34.15833,122
34.16667,122
34.17500,122
34.18333,122
34.19167,122
34.20000,122
34.20833,122
34.21667,122
34.22500,123
34.23333,123
34.24167,123
34.25000,123
34.25833,123
34.26667,123
34.27500,123
34.28333,123
34.29167,123
34.30000,123
34.30833,123
34.31667,123
34.32500,123
34.33333,124
34.34167,124
34.35000,123
34.35833,123
34.36667,123
34.37500,123
34.38333,123
34.39167,122
34.40000,122
34.40833,122
34.41667,122
34.42500,121
34.43333,121
34.44167,121
34.45000,121
34.45833,121
34.46667,120
34.47500,119
34.48333,119
34.49167,118
34.50000,118
34.50833,118
34.51667,118
34.52500,118
34.53333,117
34.54167,117
34.55000,116
34.55833,115
34.56667,115
34.57500,114
34.58333,114
34.59167,113
34.60000,113
34.60833,113
34.61667,112
34.62500,112
34.63333,111
34.64167,110
34.65000,110
34.65833,109
34.66667,109
34.67500,108
34.68333,108
34.69167,108
34.70000,107
34.70833,107
34.71667,106
34.72500,105
34.73333,105
34.74167,104
34.75000,104
34.75833,104
34.76667,103
34.77500,103
34.78333,103
34.79167,103
34.80000,103
34.80833,103
34.81667,103
34.82500,102
34.83333,102
34.84167,102
34.85000,102
34.85833,102
34.86667,102
34.87500,102
34.88333,102
34.89167,101
34.90000,101
34.90833,101
34.91667,102
34.92500,102
34.93333,102
34.94167,102
34.95000,102
34.95833,102
34.96667,103
34.97500,103
34.98333,103
34.99167,103
35.00000,104
35.00833,104
35.01667,105
35.02500,105
35.03333,106
35.04167,106
35.05000,106
35.05833,106
35.06667,106
35.07500,106
35.08333,107
35.09167,107
35.10000,107
35.10833,107
35.11667,108
35.12500,108
35.13333,108
35.14167,108
35.15000,109
35.15833,109
35.16667,110
35.17500,110
35.18333,110
35.19167,110
35.20000,111
35.20833,111
35.21667,111
35.22500,111
35.23333,112
35.24167,112
35.25000,112
35.25833,112
35.26667,112
35.27500,113
35.28333,113
35.29167,113
35.30000,113
35.30833,113
35.31667,113
35.32500,114
35.33333,114
35.34167,114
35.35000,114
35.35833,114
35.36667,114
35.37500,115
35.38333,115
35.39167,115
35.40000,115
35.40833,115
35.41667,115
35.42500,115
35.43333,115
35.44167,115
35.45000,115
35.45833,116
35.46667,116
35.47500,116
35.48333,117
35.49167,117
35.50000,117
35.50833,117
35.51667,117
35.52500,117
35.53333,116
35.54167,117
35.55000,117
35.55833,117
35.56667,117
35.57500,118
35.58333,118
35.59167,118
35.60000,118
35.60833,118
35.61667,117
35.62500,117
35.63333,117
35.64167,117
35.65000,117
35.65833,118
35.66667,118
35.67500,118
35.68333,118
35.69167,118
35.70000,118
35.70833,118
35.71667,118
35.72500,118
35.73333,118
35.74167,118
35.75000,118
35.75833,118
35.76667,118
35.77500,118
35.78333,117
35.79167,117
35.80000,117
35.80833,117
35.81667,116
35.82500,116
35.83333,116
35.84167,116
35.85000,116
35.85833,115
35.86667,115
35.87500,115
35.88333,115
35.89167,114
35.90000,114
35.90833,114
35.91667,114
35.92500,113
35.93333,113
35.94167,113
35.95000,112
35.95833,112
35.96667,111
35.97500,111
35.98333,110
35.99167,110
36.00000,110
36.00833,109
36.01667,109
36.02500,109
36.03333,108
36.04167,108
36.05000,107
36.05833,107
36.06667,107
36.07500,107
36.08333,106
36.09167,106
36.10000,105
36.10833,104
36.11667,104
36.12500,103
36.13333,103
36.14167,103
36.15000,103
36.15833,103
36.16667,103
36.17500,103
36.18333,104
36.19167,103
36.20000,103
36.20833,103
36.21667,103
36.22500,103
36.23333,103
36.24167,102
36.25000,102
36.25833,102
36.26667,102
36.27500,102
36.28333,102
36.29167,102
36.30000,102
36.30833,102
36.31667,102
36.32500,102
36.33333,103
36.34167,103
36.35000,103
36.35833,103
36.36667,103
36.37500,104
36.38333,104
36.39167,105
36.40000,105
36.40833,105
36.41667,105
36.42500,106
36.43333,106
36.44167,106
36.45000,106
36.45833,106
36.46667,106
36.47500,107
36.48333,107
36.49167,107
36.50000,107
36.50833,107
36.51667,107
36.52500,107
36.53333,107
36.54167,108
36.55000,108
36.55833,108
36.56667,109
36.57500,109
36.58333,109
36.59167,109
36.60000,109
36.60833,109
36.61667,109
36.62500,110
36.63333,110
36.64167,110
36.65000,110
36.65833,110
36.66667,110
36.67500,111
36.68333,111
36.69167,111
36.70000,111
36.70833,111
36.71667,112
36.72500,112
36.73333,113
36.74167,113
36.75000,113
36.75833,113
36.76667,114
36.77500,114
36.78333,114
36.79167,114
36.80000,115
36.80833,115
36.81667,114
36.82500,115
36.83333,115
36.84167,115
36.85000,115
36.85833,115
36.86667,116
36.87500,116
36.88333,116
36.89167,117
36.90000,116
36.90833,116
36.91667,116
36.92500,116
36.93333,116
36.94167,116
36.95000,116
36.95833,116
36.96667,116
36.97500,116
36.98333,116
36.99167,116
37.00000,116
37.00833,116
37.01667,115
37.02500,115
37.03333,115
37.04167,114
37.05000,114
37.05833,114
37.06667,114
37.07500,114
37.08333,114
37.09167,113
37.10000,113
37.10833,114
37.11667,114
37.12500,114
37.13333,113
37.14167,113
37.15000,113
37.15833,113
37.16667,113
37.17500,114
37.18333,114
37.19167,115
37.20000,115
37.20833,115
37.21667,115
37.22500,115
37.23333,115
37.24167,115
37.25000,115
37.25833,115
37.26667,115
37.27500,115
37.28333,115
37.29167,115
37.30000,116
37.30833,116
37.31667,116
37.32500,117
37.33333,117
37.34167,117
37.35000,118
37.35833,118
37.36667,119
37.37500,119
37.38333,120
37.39167,120
37.40000,120
37.40833,120
37.41667,121
37.42500,122
37.43333,122
37.44167,123
37.45000,123
37.45833,124
37.46667,124
37.47500,125
37.48333,125
37.49167,126
37.50000,126
37.50833,127
37.51667,127
37.52500,128
37.53333,128
37.54167,128
37.55000,128
37.55833,128
37.56667,129
37.57500,129
37.58333,129
37.59167,129
37.60000,129
37.60833,129
37.61667,129
37.62500,129
37.63333,130
37.64167,130
37.65000,130
37.65833,130
37.66667,130
37.67500,130
37.68333,130
37.69167,130
37.70000,130
37.70833,129
37.71667,129
37.72500,129
37.73333,129
37.74167,129
37.75000,128
37.75833,128
37.76667,127
37.77500,127
37.78333,128
37.79167,128
37.80000,128
37.80833,128
37.81667,128
37.82500,128
37.83333,128
37.84167,127
37.85000,127
37.85833,127
37.86667,127
37.87500,126
37.88333,126
37.89167,126
37.90000,126
37.90833,125
37.91667,125
37.92500,125
37.93333,125
37.94167,125
37.95000,124
37.95833,124
37.96667,124
37.97500,124
37.98333,124
37.99167,124
38.00000,124
38.00833,124
38.01667,123
38.02500,123
38.03333,123
38.04167,122
38.05000,122
38.05833,122
38.06667,122
38.07500,121
38.08333,121
38.09167,121
38.10000,120
38.10833,120
38.11667,120
38.12500,120
38.13333,120
38.14167,120
38.15000,120
38.15833,120
38.16667,119
38.17500,119
38.18333,119
38.19167,119
38.20000,119
38.20833,118
38.21667,118
38.22500,118
38.23333,118
38.24167,117
38.25000,117
38.25833,117
38.26667,117
38.27500,117
38.28333,117
38.29167,117
38.30000,117
38.30833,117
38.31667,117
38.32500,117
38.33333,118
38.34167,118
38.35000,118
38.35833,118
38.36667,118
38.37500,118
38.38333,118
38.39167,118
38.40000,118
38.40833,119
38.41667,119
38.42500,119
38.43333,119
38.44167,119
38.45000,119
38.45833,120
38.46667,120
38.47500,120
38.48333,120
38.49167,120
38.50000,120
38.50833,121
38.51667,121
38.52500,121
38.53333,121
38.54167,121
38.55000,121
38.55833,121
38.56667,121
38.57500,121
38.58333,121
38.59167,121
38.60000,121
38.60833,121
38.61667,121
38.62500,121
38.63333,120
38.64167,120
38.65000,121
38.65833,121
38.66667,120
38.67500,119
38.68333,119
38.69167,119
38.70000,118
38.70833,118
38.71667,118
38.72500,118
38.73333,118
38.74167,117
38.75000,117
38.75833,117
38.76667,117
38.77500,116
38.78333,116
38.79167,116
38.80000,116
38.80833,116
38.81667,116
38.82500,115
38.83333,115
38.84167,115
38.85000,115
38.85833,114
38.86667,114
38.87500,114
38.88333,114
38.89167,114
38.90000,114
38.90833,114
38.91667,114
38.92500,114
38.93333,114
38.94167,114
38.95000,114
38.95833,115
38.96667,115
38.97500,114
38.98333,114
38.99167,114
39.00000,114
39.00833,114
39.01667,114
39.02500,114
39.03333,114
39.04167,114
39.05000,114
39.05833,115
39.06667,115
39.07500,115
39.08333,115
39.09167,115
39.10000,115
39.10833,115
39.11667,115
39.12500,115
39.13333,116
39.14167,116
39.15000,116
39.15833,117
39.16667,117
39.17500,117
39.18333,117
39.19167,117
39.20000,117
39.20833,116
39.21667,117
39.22500,117
39.23333,117
39.24167,117
39.25000,117
39.25833,117
39.26667,117
39.27500,117
39.28333,118
39.29167,118
39.30000,118
39.30833,118
39.31667,118
39.32500,118
39.33333,118
39.34167,118
39.35000,118
39.35833,119
39.36667,119
39.37500,118
39.38333,118
39.39167,118
39.40000,118
39.40833,117
39.41667,118
39.42500,118
39.43333,118
39.44167,118
39.45000,118
39.45833,118
39.46667,118
39.47500,118
39.48333,118
39.49167,118
39.50000,118
39.50833,119
39.51667,119
39.52500,119
39.53333,119
39.54167,119
39.55000,119
39.55833,119
39.56667,120
39.57500,120
39.58333,120
39.59167,120
39.60000,120
39.60833,120
39.61667,121
39.62500,121
39.63333,121
39.64167,121
39.65000,121
39.65833,121
39.66667,121
39.67500,121
39.68333,121
39.69167,120
39.70000,120
39.70833,120
39.71667,120
39.72500,120
39.73333,120
39.74167,120
39.75000,120
39.75833,120
39.76667,120
39.77500,120
39.78333,120
39.79167,120
39.80000,120
39.80833,120
39.81667,120
39.82500,120
39.83333,119
39.84167,119
39.85000,119
39.85833,120
39.86667,119
39.87500,120
39.88333,120
39.89167,119
39.90000,119
39.90833,119
39.91667,119
39.92500,120
39.93333,120
39.94167,121
39.95000,121
39.95833,120
39.96667,121
39.97500,121
39.98333,121
39.99167,121
40.00000,121

