[Header]
Application Name,LabSolutions
Version,5.97 SP1
Data File Name,C:\Users\cremerlab\Desktop\griffin\2021-04-06_REL606_DM_glucose_turnover\2021-04-06_REL606_DM_glucose_turnover_462021_006_013.lcd
Output Date,4/7/2021
Output Time,2:41:04 AM

[File Information]
Type,Data File
Generated,4/7/2021 2:00:43 AM
Generated by,System Administrator
Modified,4/7/2021 2:41:04 AM
Modified by,System Administrator

[Sample Information]
Operator Name,System Administrator
Acquired,4/7/2021 2:01:03 AM
Sample Type,1:Standard
Level,6
Sample Name,2021-04-04_REL606_replicate_002_timepoint_006
Sample ID,006
ISTD Amount1,1
ISTD Amount2,1
ISTD Amount3,1
ISTD Amount4,1
ISTD Amount5,1
ISTD Amount6,1
ISTD Amount7,1
ISTD Amount8,1
ISTD Amount9,1
ISTD Amount10,1
ISTD Amount11,1
ISTD Amount12,1
ISTD Amount13,1
ISTD Amount14,1
ISTD Amount15,1
ISTD Amount16,1
ISTD Amount17,1
ISTD Amount18,1
ISTD Amount19,1
ISTD Amount20,1
ISTD Amount21,1
ISTD Amount22,1
ISTD Amount23,1
ISTD Amount24,1
ISTD Amount25,1
ISTD Amount26,1
ISTD Amount27,1
ISTD Amount28,1
ISTD Amount29,1
ISTD Amount30,1
ISTD Amount31,1
ISTD Amount32,1
Sample Amount,1
Dilution Factor,1
Vial#,15
Injection Volume,20

[Original Files]
Data File,C:\Users\cremerlab\Desktop\griffin\2021-04-06_REL606_DM_glucose_turnover\2021-04-06_REL606_DM_glucose_turnover_462021_006_013.lcd
Method File,C:\Users\cremerlab\Desktop\griffin\2.5mM_H2SO4_mobile_phase.lcm
Batch File,C:\Users\cremerlab\Desktop\griffin\2021-04-06_REL606_DM_glucose_turnover\2021-04-06_REL606_DM_glucose_turnover.lcb
Report Format File,c:\LabSolutions\System\DEFAULT.lsr

[File Description]


[Configuration]
Instrument Name,HPLC-PC-Instrument1
Instrument #,1
Line #,1
# of Detectors,2
Detector ID,Detector A,Detector B
Detector Name,Detector A,Detector B
# of Channels,1,1

[Peak Table(Detector A)]
# of Peaks,0

[Peak Table(Detector B)]
# of Peaks,6
Peak#,R.Time,I.Time,F.Time,Area,Height,A/H,Conc.,Mark,ID#,Name,k',Plate #,Plate Ht.,Tailing,Resolution,Sep.Factor,Area Ratio,Height Ratio,Conc. %,Norm Conc.
1,10.883,10.417,11.933,225768,13195,17.110,8.095,   ,,,0.000,9204,16.298,1.050,0.000,0.000,0,0,0.000,0.000
2,13.889,12.550,14.167,1550514,42271,36.680,55.594,   ,,,0.276,3235,46.369,0.000,4.203,0.000,0,0,0.000,0.000
3,14.324,14.167,14.975,154124,7938,19.417,5.526, V ,,,0.316,7718,19.435,0.000,0.534,1.145,0,0,0.000,0.000
4,15.675,14.975,17.350,846981,33865,25.010,30.369, V ,,,0.440,9200,16.305,1.149,2.069,1.393,0,0,0.000,0.000
5,19.081,18.725,19.608,2532,106,23.928,0.091,   ,,,0.753,13198,11.365,1.172,5.168,1.711,0,0,0.000,0.000
6,25.033,24.525,25.658,9069,313,28.995,0.325,   ,,,1.300,16274,9.217,1.062,8.213,1.726,0,0,0.000,0.000

[LC Chromatogram(Detector B-Ch1)]
Interval(msec),500
# of Points,4801
Start Time(min),0.000
End Time(min),40.000
Intensity Units,mV
Intensity Multiplier,0.001
R.Time (min),Intensity
0.00000,-1
0.00833,-1
0.01667,-0
0.02500,0
0.03333,1
0.04167,1
0.05000,1
0.05833,1
0.06667,1
0.07500,1
0.08333,1
0.09167,1
0.10000,1
0.10833,2
0.11667,2
0.12500,3
0.13333,3
0.14167,4
0.15000,5
0.15833,5
0.16667,5
0.17500,6
0.18333,6
0.19167,6
0.20000,7
0.20833,7
0.21667,8
0.22500,9
0.23333,10
0.24167,10
0.25000,10
0.25833,11
0.26667,12
0.27500,12
0.28333,13
0.29167,13
0.30000,14
0.30833,15
0.31667,15
0.32500,16
0.33333,17
0.34167,17
0.35000,18
0.35833,18
0.36667,18
0.37500,19
0.38333,19
0.39167,20
0.40000,20
0.40833,21
0.41667,21
0.42500,22
0.43333,22
0.44167,22
0.45000,23
0.45833,23
0.46667,24
0.47500,24
0.48333,24
0.49167,24
0.50000,24
0.50833,24
0.51667,25
0.52500,25
0.53333,25
0.54167,25
0.55000,25
0.55833,25
0.56667,25
0.57500,25
0.58333,25
0.59167,25
0.60000,25
0.60833,25
0.61667,25
0.62500,25
0.63333,24
0.64167,24
0.65000,23
0.65833,23
0.66667,22
0.67500,22
0.68333,22
0.69167,22
0.70000,22
0.70833,22
0.71667,22
0.72500,22
0.73333,22
0.74167,22
0.75000,22
0.75833,21
0.76667,21
0.77500,21
0.78333,21
0.79167,21
0.80000,20
0.80833,20
0.81667,20
0.82500,20
0.83333,20
0.84167,20
0.85000,20
0.85833,20
0.86667,19
0.87500,19
0.88333,19
0.89167,18
0.90000,18
0.90833,17
0.91667,17
0.92500,17
0.93333,17
0.94167,17
0.95000,16
0.95833,15
0.96667,15
0.97500,15
0.98333,15
0.99167,14
1.00000,14
1.00833,14
1.01667,14
1.02500,14
1.03333,14
1.04167,13
1.05000,13
1.05833,13
1.06667,12
1.07500,12
1.08333,12
1.09167,11
1.10000,11
1.10833,11
1.11667,10
1.12500,11
1.13333,11
1.14167,11
1.15000,10
1.15833,10
1.16667,10
1.17500,10
1.18333,10
1.19167,10
1.20000,10
1.20833,10
1.21667,10
1.22500,10
1.23333,10
1.24167,10
1.25000,10
1.25833,10
1.26667,10
1.27500,9
1.28333,9
1.29167,9
1.30000,9
1.30833,9
1.31667,10
1.32500,10
1.33333,10
1.34167,10
1.35000,10
1.35833,10
1.36667,10
1.37500,10
1.38333,10
1.39167,11
1.40000,11
1.40833,11
1.41667,11
1.42500,11
1.43333,11
1.44167,11
1.45000,11
1.45833,11
1.46667,11
1.47500,11
1.48333,11
1.49167,11
1.50000,10
1.50833,11
1.51667,11
1.52500,11
1.53333,11
1.54167,11
1.55000,10
1.55833,10
1.56667,10
1.57500,10
1.58333,10
1.59167,10
1.60000,10
1.60833,10
1.61667,9
1.62500,9
1.63333,9
1.64167,9
1.65000,9
1.65833,9
1.66667,9
1.67500,9
1.68333,9
1.69167,9
1.70000,9
1.70833,9
1.71667,9
1.72500,9
1.73333,9
1.74167,9
1.75000,8
1.75833,8
1.76667,9
1.77500,9
1.78333,9
1.79167,9
1.80000,9
1.80833,9
1.81667,9
1.82500,9
1.83333,9
1.84167,9
1.85000,10
1.85833,10
1.86667,10
1.87500,10
1.88333,10
1.89167,10
1.90000,10
1.90833,10
1.91667,10
1.92500,11
1.93333,11
1.94167,11
1.95000,12
1.95833,12
1.96667,13
1.97500,13
1.98333,14
1.99167,14
2.00000,14
2.00833,14
2.01667,14
2.02500,15
2.03333,15
2.04167,15
2.05000,15
2.05833,15
2.06667,15
2.07500,15
2.08333,15
2.09167,15
2.10000,15
2.10833,15
2.11667,15
2.12500,16
2.13333,15
2.14167,15
2.15000,15
2.15833,15
2.16667,15
2.17500,14
2.18333,14
2.19167,14
2.20000,13
2.20833,13
2.21667,13
2.22500,13
2.23333,13
2.24167,13
2.25000,12
2.25833,12
2.26667,12
2.27500,12
2.28333,11
2.29167,11
2.30000,10
2.30833,10
2.31667,9
2.32500,9
2.33333,9
2.34167,8
2.35000,8
2.35833,8
2.36667,8
2.37500,8
2.38333,7
2.39167,6
2.40000,5
2.40833,5
2.41667,5
2.42500,5
2.43333,5
2.44167,5
2.45000,5
2.45833,6
2.46667,6
2.47500,6
2.48333,6
2.49167,6
2.50000,6
2.50833,7
2.51667,7
2.52500,7
2.53333,7
2.54167,7
2.55000,7
2.55833,7
2.56667,8
2.57500,8
2.58333,8
2.59167,9
2.60000,9
2.60833,10
2.61667,11
2.62500,11
2.63333,12
2.64167,12
2.65000,13
2.65833,13
2.66667,13
2.67500,14
2.68333,14
2.69167,14
2.70000,14
2.70833,14
2.71667,15
2.72500,15
2.73333,16
2.74167,16
2.75000,17
2.75833,18
2.76667,18
2.77500,19
2.78333,19
2.79167,20
2.80000,20
2.80833,20
2.81667,21
2.82500,21
2.83333,21
2.84167,21
2.85000,21
2.85833,22
2.86667,22
2.87500,22
2.88333,22
2.89167,23
2.90000,23
2.90833,23
2.91667,24
2.92500,24
2.93333,24
2.94167,24
2.95000,24
2.95833,25
2.96667,25
2.97500,25
2.98333,25
2.99167,26
3.00000,26
3.00833,26
3.01667,26
3.02500,26
3.03333,26
3.04167,26
3.05000,26
3.05833,26
3.06667,26
3.07500,26
3.08333,26
3.09167,26
3.10000,26
3.10833,26
3.11667,26
3.12500,26
3.13333,26
3.14167,26
3.15000,26
3.15833,26
3.16667,27
3.17500,27
3.18333,27
3.19167,27
3.20000,27
3.20833,26
3.21667,26
3.22500,26
3.23333,25
3.24167,25
3.25000,25
3.25833,25
3.26667,25
3.27500,25
3.28333,25
3.29167,25
3.30000,25
3.30833,26
3.31667,25
3.32500,25
3.33333,25
3.34167,25
3.35000,26
3.35833,26
3.36667,26
3.37500,26
3.38333,25
3.39167,25
3.40000,25
3.40833,25
3.41667,25
3.42500,25
3.43333,25
3.44167,26
3.45000,26
3.45833,25
3.46667,25
3.47500,25
3.48333,25
3.49167,25
3.50000,25
3.50833,25
3.51667,25
3.52500,25
3.53333,25
3.54167,26
3.55000,26
3.55833,26
3.56667,26
3.57500,26
3.58333,26
3.59167,26
3.60000,26
3.60833,26
3.61667,27
3.62500,27
3.63333,26
3.64167,26
3.65000,25
3.65833,25
3.66667,25
3.67500,25
3.68333,25
3.69167,25
3.70000,25
3.70833,24
3.71667,24
3.72500,23
3.73333,23
3.74167,23
3.75000,23
3.75833,23
3.76667,23
3.77500,23
3.78333,22
3.79167,22
3.80000,21
3.80833,21
3.81667,20
3.82500,20
3.83333,20
3.84167,20
3.85000,20
3.85833,19
3.86667,19
3.87500,19
3.88333,18
3.89167,18
3.90000,18
3.90833,18
3.91667,18
3.92500,18
3.93333,18
3.94167,18
3.95000,18
3.95833,18
3.96667,18
3.97500,18
3.98333,17
3.99167,17
4.00000,17
4.00833,17
4.01667,17
4.02500,17
4.03333,17
4.04167,17
4.05000,17
4.05833,17
4.06667,17
4.07500,16
4.08333,16
4.09167,16
4.10000,16
4.10833,15
4.11667,16
4.12500,16
4.13333,16
4.14167,17
4.15000,17
4.15833,17
4.16667,18
4.17500,18
4.18333,18
4.19167,19
4.20000,19
4.20833,19
4.21667,20
4.22500,20
4.23333,20
4.24167,21
4.25000,21
4.25833,22
4.26667,22
4.27500,22
4.28333,22
4.29167,23
4.30000,23
4.30833,23
4.31667,23
4.32500,23
4.33333,23
4.34167,23
4.35000,24
4.35833,24
4.36667,24
4.37500,24
4.38333,24
4.39167,24
4.40000,24
4.40833,24
4.41667,24
4.42500,24
4.43333,24
4.44167,24
4.45000,24
4.45833,24
4.46667,24
4.47500,25
4.48333,25
4.49167,25
4.50000,24
4.50833,24
4.51667,24
4.52500,24
4.53333,24
4.54167,25
4.55000,25
4.55833,25
4.56667,25
4.57500,25
4.58333,24
4.59167,24
4.60000,24
4.60833,24
4.61667,25
4.62500,25
4.63333,25
4.64167,24
4.65000,24
4.65833,25
4.66667,25
4.67500,24
4.68333,24
4.69167,24
4.70000,24
4.70833,25
4.71667,25
4.72500,25
4.73333,25
4.74167,25
4.75000,26
4.75833,26
4.76667,27
4.77500,27
4.78333,27
4.79167,27
4.80000,28
4.80833,28
4.81667,28
4.82500,28
4.83333,28
4.84167,28
4.85000,28
4.85833,29
4.86667,29
4.87500,29
4.88333,29
4.89167,30
4.90000,30
4.90833,30
4.91667,30
4.92500,30
4.93333,30
4.94167,30
4.95000,30
4.95833,30
4.96667,30
4.97500,30
4.98333,31
4.99167,31
5.00000,31
5.00833,31
5.01667,31
5.02500,31
5.03333,31
5.04167,31
5.05000,31
5.05833,31
5.06667,31
5.07500,31
5.08333,31
5.09167,31
5.10000,31
5.10833,31
5.11667,30
5.12500,30
5.13333,30
5.14167,29
5.15000,29
5.15833,29
5.16667,29
5.17500,29
5.18333,29
5.19167,29
5.20000,29
5.20833,28
5.21667,28
5.22500,28
5.23333,27
5.24167,27
5.25000,26
5.25833,26
5.26667,26
5.27500,26
5.28333,26
5.29167,25
5.30000,25
5.30833,25
5.31667,25
5.32500,24
5.33333,24
5.34167,24
5.35000,23
5.35833,23
5.36667,22
5.37500,22
5.38333,22
5.39167,22
5.40000,21
5.40833,21
5.41667,20
5.42500,20
5.43333,20
5.44167,20
5.45000,20
5.45833,19
5.46667,19
5.47500,19
5.48333,19
5.49167,19
5.50000,19
5.50833,19
5.51667,19
5.52500,18
5.53333,18
5.54167,18
5.55000,17
5.55833,17
5.56667,17
5.57500,17
5.58333,16
5.59167,16
5.60000,16
5.60833,17
5.61667,17
5.62500,17
5.63333,17
5.64167,17
5.65000,17
5.65833,17
5.66667,18
5.67500,18
5.68333,18
5.69167,18
5.70000,18
5.70833,19
5.71667,19
5.72500,19
5.73333,19
5.74167,19
5.75000,20
5.75833,20
5.76667,20
5.77500,20
5.78333,20
5.79167,21
5.80000,21
5.80833,21
5.81667,21
5.82500,21
5.83333,22
5.84167,22
5.85000,22
5.85833,22
5.86667,23
5.87500,23
5.88333,23
5.89167,23
5.90000,23
5.90833,23
5.91667,24
5.92500,24
5.93333,24
5.94167,25
5.95000,25
5.95833,26
5.96667,26
5.97500,26
5.98333,26
5.99167,26
6.00000,26
6.00833,26
6.01667,26
6.02500,27
6.03333,27
6.04167,27
6.05000,28
6.05833,28
6.06667,28
6.07500,28
6.08333,28
6.09167,28
6.10000,28
6.10833,28
6.11667,28
6.12500,28
6.13333,28
6.14167,28
6.15000,28
6.15833,28
6.16667,29
6.17500,29
6.18333,29
6.19167,30
6.20000,30
6.20833,30
6.21667,30
6.22500,30
6.23333,30
6.24167,30
6.25000,30
6.25833,30
6.26667,30
6.27500,30
6.28333,31
6.29167,30
6.30000,30
6.30833,30
6.31667,30
6.32500,30
6.33333,30
6.34167,30
6.35000,30
6.35833,29
6.36667,29
6.37500,29
6.38333,29
6.39167,28
6.40000,28
6.40833,28
6.41667,28
6.42500,27
6.43333,27
6.44167,27
6.45000,26
6.45833,26
6.46667,26
6.47500,26
6.48333,25
6.49167,24
6.50000,24
6.50833,23
6.51667,24
6.52500,23
6.53333,23
6.54167,23
6.55000,23
6.55833,23
6.56667,22
6.57500,22
6.58333,22
6.59167,21
6.60000,21
6.60833,21
6.61667,20
6.62500,20
6.63333,20
6.64167,19
6.65000,19
6.65833,19
6.66667,19
6.67500,18
6.68333,18
6.69167,18
6.70000,18
6.70833,18
6.71667,17
6.72500,17
6.73333,17
6.74167,16
6.75000,16
6.75833,16
6.76667,16
6.77500,16
6.78333,15
6.79167,15
6.80000,15
6.80833,16
6.81667,16
6.82500,16
6.83333,16
6.84167,16
6.85000,16
6.85833,16
6.86667,16
6.87500,16
6.88333,16
6.89167,16
6.90000,16
6.90833,16
6.91667,16
6.92500,17
6.93333,17
6.94167,17
6.95000,17
6.95833,17
6.96667,17
6.97500,17
6.98333,18
6.99167,18
7.00000,18
7.00833,19
7.01667,19
7.02500,19
7.03333,19
7.04167,19
7.05000,19
7.05833,20
7.06667,20
7.07500,20
7.08333,20
7.09167,21
7.10000,22
7.10833,22
7.11667,22
7.12500,23
7.13333,23
7.14167,23
7.15000,23
7.15833,22
7.16667,22
7.17500,23
7.18333,23
7.19167,23
7.20000,23
7.20833,23
7.21667,24
7.22500,24
7.23333,25
7.24167,25
7.25000,25
7.25833,25
7.26667,25
7.27500,25
7.28333,25
7.29167,25
7.30000,25
7.30833,25
7.31667,26
7.32500,26
7.33333,26
7.34167,26
7.35000,26
7.35833,26
7.36667,26
7.37500,26
7.38333,25
7.39167,25
7.40000,25
7.40833,25
7.41667,25
7.42500,25
7.43333,25
7.44167,24
7.45000,24
7.45833,24
7.46667,24
7.47500,24
7.48333,24
7.49167,24
7.50000,23
7.50833,23
7.51667,23
7.52500,23
7.53333,23
7.54167,23
7.55000,23
7.55833,23
7.56667,23
7.57500,23
7.58333,23
7.59167,23
7.60000,23
7.60833,23
7.61667,22
7.62500,22
7.63333,22
7.64167,22
7.65000,22
7.65833,22
7.66667,22
7.67500,22
7.68333,22
7.69167,22
7.70000,22
7.70833,23
7.71667,23
7.72500,23
7.73333,23
7.74167,23
7.75000,23
7.75833,24
7.76667,24
7.77500,25
7.78333,25
7.79167,25
7.80000,25
7.80833,26
7.81667,26
7.82500,26
7.83333,27
7.84167,27
7.85000,27
7.85833,28
7.86667,28
7.87500,28
7.88333,29
7.89167,29
7.90000,29
7.90833,30
7.91667,30
7.92500,30
7.93333,31
7.94167,31
7.95000,31
7.95833,31
7.96667,31
7.97500,32
7.98333,32
7.99167,33
8.00000,33
8.00833,33
8.01667,34
8.02500,34
8.03333,35
8.04167,35
8.05000,36
8.05833,36
8.06667,36
8.07500,36
8.08333,36
8.09167,35
8.10000,35
8.10833,35
8.11667,35
8.12500,35
8.13333,36
8.14167,36
8.15000,36
8.15833,36
8.16667,36
8.17500,36
8.18333,36
8.19167,35
8.20000,35
8.20833,35
8.21667,35
8.22500,34
8.23333,34
8.24167,33
8.25000,33
8.25833,33
8.26667,32
8.27500,32
8.28333,32
8.29167,31
8.30000,31
8.30833,31
8.31667,31
8.32500,30
8.33333,30
8.34167,30
8.35000,30
8.35833,29
8.36667,29
8.37500,28
8.38333,28
8.39167,28
8.40000,28
8.40833,28
8.41667,28
8.42500,27
8.43333,27
8.44167,26
8.45000,26
8.45833,25
8.46667,25
8.47500,25
8.48333,25
8.49167,25
8.50000,25
8.50833,25
8.51667,25
8.52500,25
8.53333,25
8.54167,24
8.55000,24
8.55833,24
8.56667,24
8.57500,24
8.58333,24
8.59167,24
8.60000,24
8.60833,24
8.61667,25
8.62500,25
8.63333,25
8.64167,25
8.65000,25
8.65833,24
8.66667,24
8.67500,25
8.68333,25
8.69167,26
8.70000,26
8.70833,26
8.71667,27
8.72500,27
8.73333,27
8.74167,27
8.75000,27
8.75833,27
8.76667,28
8.77500,28
8.78333,29
8.79167,29
8.80000,29
8.80833,29
8.81667,30
8.82500,30
8.83333,30
8.84167,30
8.85000,31
8.85833,31
8.86667,32
8.87500,32
8.88333,32
8.89167,32
8.90000,32
8.90833,33
8.91667,34
8.92500,34
8.93333,34
8.94167,35
8.95000,35
8.95833,36
8.96667,36
8.97500,36
8.98333,36
8.99167,36
9.00000,36
9.00833,36
9.01667,36
9.02500,36
9.03333,36
9.04167,35
9.05000,36
9.05833,36
9.06667,37
9.07500,37
9.08333,37
9.09167,37
9.10000,37
9.10833,37
9.11667,37
9.12500,37
9.13333,36
9.14167,36
9.15000,36
9.15833,36
9.16667,36
9.17500,36
9.18333,37
9.19167,37
9.20000,37
9.20833,37
9.21667,36
9.22500,36
9.23333,36
9.24167,36
9.25000,36
9.25833,36
9.26667,36
9.27500,36
9.28333,36
9.29167,36
9.30000,36
9.30833,37
9.31667,36
9.32500,36
9.33333,36
9.34167,36
9.35000,35
9.35833,35
9.36667,35
9.37500,35
9.38333,35
9.39167,35
9.40000,35
9.40833,35
9.41667,35
9.42500,35
9.43333,35
9.44167,34
9.45000,34
9.45833,34
9.46667,33
9.47500,34
9.48333,34
9.49167,34
9.50000,34
9.50833,34
9.51667,33
9.52500,33
9.53333,33
9.54167,33
9.55000,33
9.55833,33
9.56667,33
9.57500,33
9.58333,33
9.59167,33
9.60000,33
9.60833,33
9.61667,33
9.62500,33
9.63333,33
9.64167,33
9.65000,33
9.65833,33
9.66667,33
9.67500,33
9.68333,33
9.69167,33
9.70000,33
9.70833,33
9.71667,32
9.72500,32
9.73333,32
9.74167,32
9.75000,32
9.75833,32
9.76667,32
9.77500,32
9.78333,32
9.79167,32
9.80000,32
9.80833,32
9.81667,32
9.82500,32
9.83333,33
9.84167,33
9.85000,32
9.85833,32
9.86667,32
9.87500,32
9.88333,32
9.89167,32
9.90000,32
9.90833,32
9.91667,33
9.92500,33
9.93333,33
9.94167,33
9.95000,33
9.95833,33
9.96667,33
9.97500,33
9.98333,34
9.99167,34
10.00000,34
10.00833,34
10.01667,35
10.02500,35
10.03333,35
10.04167,36
10.05000,36
10.05833,36
10.06667,37
10.07500,38
10.08333,38
10.09167,39
10.10000,39
10.10833,40
10.11667,40
10.12500,40
10.13333,40
10.14167,41
10.15000,42
10.15833,43
10.16667,44
10.17500,45
10.18333,46
10.19167,46
10.20000,47
10.20833,47
10.21667,48
10.22500,49
10.23333,49
10.24167,49
10.25000,49
10.25833,49
10.26667,49
10.27500,49
10.28333,49
10.29167,49
10.30000,50
10.30833,50
10.31667,49
10.32500,50
10.33333,50
10.34167,50
10.35000,50
10.35833,50
10.36667,50
10.37500,49
10.38333,49
10.39167,49
10.40000,49
10.40833,49
10.41667,49
10.42500,50
10.43333,50
10.44167,51
10.45000,52
10.45833,55
10.46667,57
10.47500,60
10.48333,63
10.49167,68
10.50000,74
10.50833,82
10.51667,94
10.52500,108
10.53333,126
10.54167,149
10.55000,177
10.55833,212
10.56667,256
10.57500,309
10.58333,374
10.59167,452
10.60000,545
10.60833,655
10.61667,784
10.62500,934
10.63333,1107
10.64167,1305
10.65000,1529
10.65833,1782
10.66667,2065
10.67500,2379
10.68333,2724
10.69167,3101
10.70000,3509
10.70833,3949
10.71667,4418
10.72500,4916
10.73333,5439
10.74167,5985
10.75000,6549
10.75833,7128
10.76667,7715
10.77500,8307
10.78333,8895
10.79167,9475
10.80000,10039
10.80833,10579
10.81667,11088
10.82500,11559
10.83333,11984
10.84167,12357
10.85000,12670
10.85833,12919
10.86667,13099
10.87500,13207
10.88333,13239
10.89167,13196
10.90000,13078
10.90833,12886
10.91667,12624
10.92500,12297
10.93333,11911
10.94167,11472
10.95000,10988
10.95833,10467
10.96667,9917
10.97500,9347
10.98333,8765
10.99167,8179
11.00000,7596
11.00833,7021
11.01667,6462
11.02500,5922
11.03333,5406
11.04167,4916
11.05000,4454
11.05833,4022
11.06667,3620
11.07500,3249
11.08333,2908
11.09167,2596
11.10000,2312
11.10833,2055
11.11667,1824
11.12500,1615
11.13333,1428
11.14167,1262
11.15000,1114
11.15833,982
11.16667,866
11.17500,763
11.18333,673
11.19167,595
11.20000,526
11.20833,466
11.21667,414
11.22500,369
11.23333,330
11.24167,297
11.25000,268
11.25833,243
11.26667,222
11.27500,203
11.28333,188
11.29167,175
11.30000,165
11.30833,155
11.31667,148
11.32500,141
11.33333,136
11.34167,131
11.35000,127
11.35833,123
11.36667,120
11.37500,118
11.38333,115
11.39167,113
11.40000,111
11.40833,108
11.41667,106
11.42500,104
11.43333,102
11.44167,100
11.45000,99
11.45833,97
11.46667,95
11.47500,93
11.48333,91
11.49167,89
11.50000,87
11.50833,85
11.51667,83
11.52500,81
11.53333,79
11.54167,77
11.55000,75
11.55833,74
11.56667,72
11.57500,71
11.58333,70
11.59167,69
11.60000,67
11.60833,66
11.61667,64
11.62500,62
11.63333,61
11.64167,59
11.65000,58
11.65833,57
11.66667,56
11.67500,55
11.68333,54
11.69167,53
11.70000,51
11.70833,50
11.71667,49
11.72500,49
11.73333,48
11.74167,47
11.75000,47
11.75833,46
11.76667,45
11.77500,44
11.78333,44
11.79167,43
11.80000,42
11.80833,41
11.81667,40
11.82500,40
11.83333,39
11.84167,38
11.85000,37
11.85833,37
11.86667,36
11.87500,36
11.88333,35
11.89167,34
11.90000,34
11.90833,33
11.91667,33
11.92500,33
11.93333,32
11.94167,32
11.95000,32
11.95833,31
11.96667,30
11.97500,30
11.98333,30
11.99167,30
12.00000,30
12.00833,29
12.01667,29
12.02500,29
12.03333,28
12.04167,28
12.05000,28
12.05833,28
12.06667,28
12.07500,28
12.08333,27
12.09167,27
12.10000,27
12.10833,27
12.11667,27
12.12500,27
12.13333,26
12.14167,26
12.15000,26
12.15833,26
12.16667,27
12.17500,27
12.18333,27
12.19167,27
12.20000,27
12.20833,27
12.21667,28
12.22500,28
12.23333,28
12.24167,28
12.25000,28
12.25833,28
12.26667,28
12.27500,28
12.28333,28
12.29167,28
12.30000,29
12.30833,29
12.31667,29
12.32500,29
12.33333,30
12.34167,31
12.35000,31
12.35833,31
12.36667,31
12.37500,31
12.38333,31
12.39167,32
12.40000,32
12.40833,32
12.41667,32
12.42500,33
12.43333,33
12.44167,32
12.45000,32
12.45833,32
12.46667,32
12.47500,32
12.48333,33
12.49167,33
12.50000,33
12.50833,34
12.51667,34
12.52500,35
12.53333,35
12.54167,36
12.55000,36
12.55833,37
12.56667,37
12.57500,39
12.58333,40
12.59167,42
12.60000,44
12.60833,47
12.61667,50
12.62500,54
12.63333,59
12.64167,66
12.65000,74
12.65833,84
12.66667,96
12.67500,110
12.68333,127
12.69167,146
12.70000,169
12.70833,195
12.71667,226
12.72500,261
12.73333,301
12.74167,346
12.75000,396
12.75833,452
12.76667,513
12.77500,581
12.78333,655
12.79167,735
12.80000,823
12.80833,917
12.81667,1017
12.82500,1125
12.83333,1239
12.84167,1360
12.85000,1487
12.85833,1621
12.86667,1762
12.87500,1910
12.88333,2063
12.89167,2222
12.90000,2386
12.90833,2556
12.91667,2731
12.92500,2912
12.93333,3098
12.94167,3289
12.95000,3486
12.95833,3686
12.96667,3891
12.97500,4101
12.98333,4314
12.99167,4532
13.00000,4753
13.00833,4978
13.01667,5206
13.02500,5438
13.03333,5673
13.04167,5912
13.05000,6154
13.05833,6399
13.06667,6647
13.07500,6898
13.08333,7152
13.09167,7408
13.10000,7667
13.10833,7929
13.11667,8193
13.12500,8460
13.13333,8730
13.14167,9002
13.15000,9277
13.15833,9555
13.16667,9835
13.17500,10118
13.18333,10403
13.19167,10690
13.20000,10979
13.20833,11270
13.21667,11564
13.22500,11861
13.23333,12160
13.24167,12461
13.25000,12764
13.25833,13070
13.26667,13378
13.27500,13689
13.28333,14001
13.29167,14316
13.30000,14634
13.30833,14953
13.31667,15276
13.32500,15600
13.33333,15927
13.34167,16256
13.35000,16588
13.35833,16922
13.36667,17258
13.37500,17597
13.38333,17938
13.39167,18282
13.40000,18629
13.40833,18978
13.41667,19329
13.42500,19683
13.43333,20039
13.44167,20397
13.45000,20758
13.45833,21122
13.46667,21488
13.47500,21856
13.48333,22227
13.49167,22602
13.50000,22978
13.50833,23358
13.51667,23740
13.52500,24125
13.53333,24512
13.54167,24902
13.55000,25294
13.55833,25690
13.56667,26089
13.57500,26490
13.58333,26893
13.59167,27300
13.60000,27710
13.60833,28122
13.61667,28537
13.62500,28955
13.63333,29377
13.64167,29801
13.65000,30227
13.65833,30657
13.66667,31090
13.67500,31525
13.68333,31963
13.69167,32405
13.70000,32849
13.70833,33297
13.71667,33748
13.72500,34202
13.73333,34659
13.74167,35120
13.75000,35583
13.75833,36049
13.76667,36519
13.77500,36991
13.78333,37467
13.79167,37945
13.80000,38426
13.80833,38907
13.81667,39387
13.82500,39863
13.83333,40330
13.84167,40780
13.85000,41204
13.85833,41587
13.86667,41915
13.87500,42165
13.88333,42316
13.89167,42341
13.90000,42216
13.90833,41918
13.91667,41424
13.92500,40720
13.93333,39797
13.94167,38654
13.95000,37297
13.95833,35743
13.96667,34014
13.97500,32142
13.98333,30161
13.99167,28108
14.00000,26023
14.00833,23944
14.01667,21905
14.02500,19937
14.03333,18065
14.04167,16312
14.05000,14689
14.05833,13208
14.06667,11872
14.07500,10681
14.08333,9635
14.09167,8726
14.10000,7950
14.10833,7297
14.11667,6759
14.12500,6328
14.13333,5993
14.14167,5746
14.15000,5579
14.15833,5482
14.16667,5448
14.17500,5470
14.18333,5538
14.19167,5647
14.20000,5788
14.20833,5956
14.21667,6144
14.22500,6346
14.23333,6554
14.24167,6765
14.25000,6972
14.25833,7170
14.26667,7356
14.27500,7524
14.28333,7672
14.29167,7797
14.30000,7896
14.30833,7966
14.31667,8008
14.32500,8019
14.33333,8000
14.34167,7951
14.35000,7873
14.35833,7766
14.36667,7634
14.37500,7476
14.38333,7297
14.39167,7097
14.40000,6880
14.40833,6648
14.41667,6403
14.42500,6149
14.43333,5887
14.44167,5620
14.45000,5350
14.45833,5081
14.46667,4813
14.47500,4548
14.48333,4289
14.49167,4036
14.50000,3790
14.50833,3553
14.51667,3326
14.52500,3108
14.53333,2901
14.54167,2705
14.55000,2519
14.55833,2344
14.56667,2179
14.57500,2025
14.58333,1882
14.59167,1748
14.60000,1624
14.60833,1509
14.61667,1403
14.62500,1305
14.63333,1215
14.64167,1132
14.65000,1055
14.65833,985
14.66667,920
14.67500,862
14.68333,809
14.69167,760
14.70000,716
14.70833,675
14.71667,637
14.72500,604
14.73333,572
14.74167,544
14.75000,518
14.75833,495
14.76667,474
14.77500,455
14.78333,437
14.79167,421
14.80000,407
14.80833,393
14.81667,380
14.82500,369
14.83333,358
14.84167,348
14.85000,340
14.85833,332
14.86667,325
14.87500,319
14.88333,313
14.89167,308
14.90000,304
14.90833,301
14.91667,298
14.92500,295
14.93333,293
14.94167,291
14.95000,289
14.95833,288
14.96667,287
14.97500,287
14.98333,287
14.99167,287
15.00000,289
15.00833,290
15.01667,292
15.02500,294
15.03333,297
15.04167,300
15.05000,302
15.05833,305
15.06667,309
15.07500,313
15.08333,317
15.09167,321
15.10000,326
15.10833,331
15.11667,337
15.12500,343
15.13333,351
15.14167,359
15.15000,368
15.15833,379
15.16667,392
15.17500,406
15.18333,424
15.19167,444
15.20000,468
15.20833,497
15.21667,531
15.22500,573
15.23333,622
15.24167,680
15.25000,749
15.25833,830
15.26667,925
15.27500,1037
15.28333,1166
15.29167,1316
15.30000,1489
15.30833,1688
15.31667,1915
15.32500,2173
15.33333,2465
15.34167,2792
15.35000,3159
15.35833,3567
15.36667,4018
15.37500,4516
15.38333,5061
15.39167,5656
15.40000,6302
15.40833,6998
15.41667,7747
15.42500,8547
15.43333,9397
15.44167,10296
15.45000,11241
15.45833,12231
15.46667,13261
15.47500,14327
15.48333,15424
15.49167,16547
15.50000,17690
15.50833,18846
15.51667,20010
15.52500,21172
15.53333,22326
15.54167,23464
15.55000,24578
15.55833,25661
15.56667,26704
15.57500,27702
15.58333,28646
15.59167,29529
15.60000,30345
15.60833,31089
15.61667,31756
15.62500,32340
15.63333,32840
15.64167,33250
15.65000,33571
15.65833,33800
15.66667,33936
15.67500,33981
15.68333,33934
15.69167,33799
15.70000,33577
15.70833,33272
15.71667,32887
15.72500,32426
15.73333,31893
15.74167,31295
15.75000,30635
15.75833,29920
15.76667,29157
15.77500,28349
15.78333,27504
15.79167,26626
15.80000,25723
15.80833,24798
15.81667,23859
15.82500,22910
15.83333,21956
15.84167,21002
15.85000,20053
15.85833,19111
15.86667,18181
15.87500,17267
15.88333,16371
15.89167,15496
15.90000,14645
15.90833,13820
15.91667,13021
15.92500,12252
15.93333,11512
15.94167,10802
15.95000,10123
15.95833,9476
15.96667,8859
15.97500,8273
15.98333,7718
15.99167,7193
16.00000,6699
16.00833,6233
16.01667,5794
16.02500,5383
16.03333,4998
16.04167,4638
16.05000,4302
16.05833,3990
16.06667,3699
16.07500,3428
16.08333,3177
16.09167,2945
16.10000,2730
16.10833,2531
16.11667,2347
16.12500,2177
16.13333,2021
16.14167,1878
16.15000,1745
16.15833,1623
16.16667,1512
16.17500,1409
16.18333,1315
16.19167,1228
16.20000,1149
16.20833,1076
16.21667,1009
16.22500,948
16.23333,892
16.24167,840
16.25000,793
16.25833,750
16.26667,711
16.27500,674
16.28333,641
16.29167,610
16.30000,581
16.30833,555
16.31667,531
16.32500,509
16.33333,488
16.34167,470
16.35000,453
16.35833,436
16.36667,421
16.37500,407
16.38333,395
16.39167,383
16.40000,372
16.40833,362
16.41667,352
16.42500,344
16.43333,336
16.44167,328
16.45000,321
16.45833,314
16.46667,308
16.47500,301
16.48333,295
16.49167,290
16.50000,285
16.50833,281
16.51667,276
16.52500,272
16.53333,268
16.54167,264
16.55000,261
16.55833,258
16.56667,255
16.57500,253
16.58333,250
16.59167,247
16.60000,245
16.60833,243
16.61667,240
16.62500,238
16.63333,237
16.64167,235
16.65000,234
16.65833,233
16.66667,231
16.67500,230
16.68333,229
16.69167,228
16.70000,227
16.70833,225
16.71667,224
16.72500,223
16.73333,222
16.74167,221
16.75000,220
16.75833,219
16.76667,219
16.77500,218
16.78333,217
16.79167,216
16.80000,215
16.80833,215
16.81667,214
16.82500,213
16.83333,212
16.84167,211
16.85000,210
16.85833,209
16.86667,209
16.87500,208
16.88333,207
16.89167,206
16.90000,206
16.90833,205
16.91667,204
16.92500,203
16.93333,202
16.94167,201
16.95000,200
16.95833,199
16.96667,198
16.97500,197
16.98333,197
16.99167,195
17.00000,194
17.00833,193
17.01667,192
17.02500,191
17.03333,189
17.04167,188
17.05000,187
17.05833,186
17.06667,185
17.07500,184
17.08333,184
17.09167,183
17.10000,182
17.10833,181
17.11667,180
17.12500,179
17.13333,178
17.14167,177
17.15000,176
17.15833,176
17.16667,175
17.17500,174
17.18333,172
17.19167,171
17.20000,170
17.20833,170
17.21667,169
17.22500,168
17.23333,167
17.24167,167
17.25000,166
17.25833,165
17.26667,164
17.27500,163
17.28333,162
17.29167,161
17.30000,160
17.30833,160
17.31667,159
17.32500,159
17.33333,158
17.34167,158
17.35000,158
17.35833,157
17.36667,157
17.37500,156
17.38333,156
17.39167,156
17.40000,155
17.40833,155
17.41667,155
17.42500,154
17.43333,153
17.44167,153
17.45000,152
17.45833,152
17.46667,152
17.47500,151
17.48333,151
17.49167,151
17.50000,150
17.50833,150
17.51667,150
17.52500,149
17.53333,148
17.54167,148
17.55000,148
17.55833,148
17.56667,147
17.57500,147
17.58333,147
17.59167,146
17.60000,146
17.60833,146
17.61667,145
17.62500,145
17.63333,145
17.64167,145
17.65000,144
17.65833,144
17.66667,144
17.67500,143
17.68333,143
17.69167,143
17.70000,143
17.70833,142
17.71667,142
17.72500,142
17.73333,142
17.74167,142
17.75000,141
17.75833,141
17.76667,141
17.77500,140
17.78333,140
17.79167,139
17.80000,139
17.80833,138
17.81667,138
17.82500,137
17.83333,137
17.84167,137
17.85000,137
17.85833,137
17.86667,137
17.87500,136
17.88333,136
17.89167,135
17.90000,135
17.90833,135
17.91667,135
17.92500,134
17.93333,134
17.94167,134
17.95000,134
17.95833,133
17.96667,133
17.97500,133
17.98333,133
17.99167,132
18.00000,132
18.00833,131
18.01667,131
18.02500,131
18.03333,130
18.04167,130
18.05000,129
18.05833,129
18.06667,129
18.07500,129
18.08333,129
18.09167,129
18.10000,128
18.10833,128
18.11667,127
18.12500,127
18.13333,127
18.14167,126
18.15000,126
18.15833,125
18.16667,124
18.17500,124
18.18333,124
18.19167,124
18.20000,123
18.20833,123
18.21667,123
18.22500,122
18.23333,121
18.24167,120
18.25000,119
18.25833,119
18.26667,118
18.27500,117
18.28333,117
18.29167,116
18.30000,116
18.30833,115
18.31667,114
18.32500,114
18.33333,113
18.34167,113
18.35000,112
18.35833,112
18.36667,111
18.37500,110
18.38333,110
18.39167,109
18.40000,108
18.40833,107
18.41667,106
18.42500,106
18.43333,106
18.44167,105
18.45000,104
18.45833,104
18.46667,104
18.47500,103
18.48333,102
18.49167,101
18.50000,101
18.50833,100
18.51667,99
18.52500,99
18.53333,98
18.54167,98
18.55000,98
18.55833,97
18.56667,97
18.57500,97
18.58333,97
18.59167,97
18.60000,96
18.60833,96
18.61667,96
18.62500,96
18.63333,96
18.64167,96
18.65000,96
18.65833,96
18.66667,96
18.67500,96
18.68333,96
18.69167,97
18.70000,97
18.70833,98
18.71667,99
18.72500,99
18.73333,100
18.74167,101
18.75000,102
18.75833,104
18.76667,106
18.77500,108
18.78333,109
18.79167,111
18.80000,113
18.80833,115
18.81667,117
18.82500,120
18.83333,122
18.84167,125
18.85000,128
18.85833,131
18.86667,134
18.87500,138
18.88333,141
18.89167,144
18.90000,147
18.90833,151
18.91667,154
18.92500,158
18.93333,161
18.94167,164
18.95000,167
18.95833,170
18.96667,174
18.97500,178
18.98333,181
18.99167,184
19.00000,186
19.00833,189
19.01667,192
19.02500,194
19.03333,196
19.04167,198
19.05000,199
19.05833,201
19.06667,202
19.07500,202
19.08333,202
19.09167,202
19.10000,201
19.10833,201
19.11667,200
19.12500,199
19.13333,198
19.14167,196
19.15000,194
19.15833,192
19.16667,190
19.17500,188
19.18333,185
19.19167,182
19.20000,180
19.20833,177
19.21667,174
19.22500,171
19.23333,168
19.24167,165
19.25000,162
19.25833,159
19.26667,156
19.27500,153
19.28333,150
19.29167,147
19.30000,145
19.30833,142
19.31667,139
19.32500,137
19.33333,134
19.34167,132
19.35000,129
19.35833,127
19.36667,125
19.37500,123
19.38333,120
19.39167,118
19.40000,116
19.40833,114
19.41667,112
19.42500,111
19.43333,109
19.44167,108
19.45000,107
19.45833,105
19.46667,104
19.47500,103
19.48333,101
19.49167,100
19.50000,99
19.50833,98
19.51667,98
19.52500,97
19.53333,96
19.54167,95
19.55000,95
19.55833,95
19.56667,94
19.57500,94
19.58333,93
19.59167,92
19.60000,92
19.60833,92
19.61667,92
19.62500,91
19.63333,91
19.64167,91
19.65000,91
19.65833,90
19.66667,90
19.67500,90
19.68333,90
19.69167,89
19.70000,89
19.70833,89
19.71667,88
19.72500,88
19.73333,88
19.74167,88
19.75000,88
19.75833,88
19.76667,87
19.77500,87
19.78333,87
19.79167,87
19.80000,87
19.80833,87
19.81667,87
19.82500,87
19.83333,87
19.84167,86
19.85000,86
19.85833,85
19.86667,85
19.87500,86
19.88333,85
19.89167,85
19.90000,85
19.90833,84
19.91667,84
19.92500,84
19.93333,83
19.94167,82
19.95000,82
19.95833,82
19.96667,81
19.97500,81
19.98333,80
19.99167,79
20.00000,79
20.00833,78
20.01667,77
20.02500,77
20.03333,76
20.04167,76
20.05000,75
20.05833,75
20.06667,74
20.07500,73
20.08333,73
20.09167,72
20.10000,72
20.10833,71
20.11667,70
20.12500,70
20.13333,69
20.14167,68
20.15000,68
20.15833,67
20.16667,67
20.17500,66
20.18333,66
20.19167,66
20.20000,65
20.20833,65
20.21667,64
20.22500,64
20.23333,63
20.24167,63
20.25000,63
20.25833,62
20.26667,62
20.27500,62
20.28333,61
20.29167,61
20.30000,61
20.30833,61
20.31667,61
20.32500,61
20.33333,60
20.34167,60
20.35000,60
20.35833,61
20.36667,61
20.37500,61
20.38333,62
20.39167,62
20.40000,63
20.40833,63
20.41667,64
20.42500,64
20.43333,64
20.44167,64
20.45000,64
20.45833,64
20.46667,65
20.47500,65
20.48333,65
20.49167,66
20.50000,66
20.50833,66
20.51667,67
20.52500,67
20.53333,68
20.54167,69
20.55000,69
20.55833,70
20.56667,70
20.57500,71
20.58333,71
20.59167,72
20.60000,73
20.60833,73
20.61667,73
20.62500,73
20.63333,74
20.64167,74
20.65000,74
20.65833,74
20.66667,74
20.67500,75
20.68333,75
20.69167,75
20.70000,76
20.70833,76
20.71667,76
20.72500,76
20.73333,76
20.74167,76
20.75000,77
20.75833,77
20.76667,77
20.77500,77
20.78333,77
20.79167,77
20.80000,77
20.80833,77
20.81667,77
20.82500,77
20.83333,77
20.84167,77
20.85000,76
20.85833,76
20.86667,76
20.87500,75
20.88333,75
20.89167,75
20.90000,75
20.90833,75
20.91667,75
20.92500,75
20.93333,75
20.94167,75
20.95000,75
20.95833,74
20.96667,74
20.97500,74
20.98333,74
20.99167,75
21.00000,75
21.00833,75
21.01667,75
21.02500,75
21.03333,75
21.04167,75
21.05000,75
21.05833,75
21.06667,75
21.07500,75
21.08333,76
21.09167,76
21.10000,76
21.10833,76
21.11667,76
21.12500,76
21.13333,77
21.14167,77
21.15000,77
21.15833,77
21.16667,78
21.17500,78
21.18333,78
21.19167,78
21.20000,79
21.20833,79
21.21667,79
21.22500,80
21.23333,80
21.24167,80
21.25000,80
21.25833,80
21.26667,80
21.27500,80
21.28333,80
21.29167,80
21.30000,80
21.30833,80
21.31667,80
21.32500,80
21.33333,80
21.34167,80
21.35000,80
21.35833,80
21.36667,80
21.37500,80
21.38333,80
21.39167,80
21.40000,80
21.40833,80
21.41667,81
21.42500,81
21.43333,81
21.44167,81
21.45000,81
21.45833,81
21.46667,80
21.47500,80
21.48333,79
21.49167,79
21.50000,79
21.50833,78
21.51667,78
21.52500,78
21.53333,77
21.54167,77
21.55000,77
21.55833,77
21.56667,77
21.57500,77
21.58333,77
21.59167,76
21.60000,76
21.60833,76
21.61667,75
21.62500,75
21.63333,75
21.64167,75
21.65000,75
21.65833,74
21.66667,74
21.67500,74
21.68333,74
21.69167,74
21.70000,74
21.70833,74
21.71667,74
21.72500,73
21.73333,73
21.74167,72
21.75000,72
21.75833,72
21.76667,72
21.77500,72
21.78333,72
21.79167,71
21.80000,71
21.80833,71
21.81667,71
21.82500,71
21.83333,71
21.84167,71
21.85000,71
21.85833,70
21.86667,70
21.87500,70
21.88333,70
21.89167,70
21.90000,70
21.90833,70
21.91667,70
21.92500,69
21.93333,69
21.94167,69
21.95000,69
21.95833,69
21.96667,69
21.97500,69
21.98333,69
21.99167,69
22.00000,69
22.00833,69
22.01667,69
22.02500,69
22.03333,69
22.04167,68
22.05000,68
22.05833,68
22.06667,68
22.07500,68
22.08333,68
22.09167,68
22.10000,68
22.10833,68
22.11667,68
22.12500,68
22.13333,68
22.14167,69
22.15000,69
22.15833,69
22.16667,69
22.17500,69
22.18333,69
22.19167,69
22.20000,70
22.20833,70
22.21667,70
22.22500,69
22.23333,69
22.24167,70
22.25000,70
22.25833,70
22.26667,70
22.27500,70
22.28333,70
22.29167,71
22.30000,71
22.30833,71
22.31667,71
22.32500,71
22.33333,71
22.34167,71
22.35000,72
22.35833,72
22.36667,72
22.37500,72
22.38333,72
22.39167,72
22.40000,72
22.40833,72
22.41667,72
22.42500,72
22.43333,73
22.44167,73
22.45000,74
22.45833,74
22.46667,74
22.47500,74
22.48333,75
22.49167,75
22.50000,76
22.50833,76
22.51667,76
22.52500,77
22.53333,77
22.54167,77
22.55000,78
22.55833,78
22.56667,78
22.57500,79
22.58333,79
22.59167,79
22.60000,79
22.60833,79
22.61667,79
22.62500,80
22.63333,80
22.64167,81
22.65000,81
22.65833,82
22.66667,82
22.67500,83
22.68333,83
22.69167,84
22.70000,85
22.70833,85
22.71667,86
22.72500,86
22.73333,87
22.74167,88
22.75000,88
22.75833,88
22.76667,89
22.77500,89
22.78333,90
22.79167,91
22.80000,91
22.80833,91
22.81667,91
22.82500,91
22.83333,91
22.84167,91
22.85000,92
22.85833,92
22.86667,92
22.87500,92
22.88333,92
22.89167,92
22.90000,91
22.90833,91
22.91667,91
22.92500,91
22.93333,91
22.94167,91
22.95000,90
22.95833,90
22.96667,89
22.97500,89
22.98333,89
22.99167,89
23.00000,88
23.00833,88
23.01667,88
23.02500,88
23.03333,87
23.04167,87
23.05000,86
23.05833,86
23.06667,86
23.07500,86
23.08333,85
23.09167,85
23.10000,84
23.10833,84
23.11667,83
23.12500,83
23.13333,82
23.14167,82
23.15000,81
23.15833,80
23.16667,80
23.17500,79
23.18333,79
23.19167,79
23.20000,79
23.20833,79
23.21667,79
23.22500,79
23.23333,78
23.24167,78
23.25000,78
23.25833,77
23.26667,77
23.27500,77
23.28333,77
23.29167,77
23.30000,77
23.30833,78
23.31667,78
23.32500,78
23.33333,78
23.34167,78
23.35000,78
23.35833,78
23.36667,78
23.37500,78
23.38333,79
23.39167,79
23.40000,79
23.40833,79
23.41667,79
23.42500,79
23.43333,79
23.44167,80
23.45000,79
23.45833,79
23.46667,80
23.47500,80
23.48333,80
23.49167,80
23.50000,80
23.50833,80
23.51667,80
23.52500,80
23.53333,80
23.54167,80
23.55000,80
23.55833,80
23.56667,80
23.57500,80
23.58333,80
23.59167,80
23.60000,80
23.60833,80
23.61667,80
23.62500,79
23.63333,79
23.64167,79
23.65000,78
23.65833,77
23.66667,77
23.67500,77
23.68333,77
23.69167,77
23.70000,76
23.70833,76
23.71667,75
23.72500,75
23.73333,74
23.74167,74
23.75000,73
23.75833,72
23.76667,72
23.77500,71
23.78333,71
23.79167,70
23.80000,70
23.80833,70
23.81667,69
23.82500,69
23.83333,69
23.84167,68
23.85000,67
23.85833,67
23.86667,67
23.87500,67
23.88333,66
23.89167,66
23.90000,66
23.90833,66
23.91667,66
23.92500,66
23.93333,66
23.94167,65
23.95000,65
23.95833,65
23.96667,65
23.97500,64
23.98333,64
23.99167,64
24.00000,64
24.00833,64
24.01667,64
24.02500,64
24.03333,64
24.04167,64
24.05000,64
24.05833,64
24.06667,64
24.07500,64
24.08333,65
24.09167,65
24.10000,65
24.10833,66
24.11667,66
24.12500,66
24.13333,67
24.14167,67
24.15000,67
24.15833,67
24.16667,67
24.17500,68
24.18333,68
24.19167,68
24.20000,69
24.20833,69
24.21667,70
24.22500,70
24.23333,70
24.24167,71
24.25000,71
24.25833,72
24.26667,72
24.27500,72
24.28333,73
24.29167,73
24.30000,73
24.30833,73
24.31667,74
24.32500,74
24.33333,74
24.34167,75
24.35000,75
24.35833,76
24.36667,76
24.37500,76
24.38333,76
24.39167,77
24.40000,77
24.40833,77
24.41667,78
24.42500,78
24.43333,78
24.44167,79
24.45000,79
24.45833,80
24.46667,80
24.47500,81
24.48333,82
24.49167,83
24.50000,84
24.50833,85
24.51667,86
24.52500,87
24.53333,88
24.54167,90
24.55000,91
24.55833,92
24.56667,94
24.57500,96
24.58333,98
24.59167,100
24.60000,102
24.60833,105
24.61667,107
24.62500,111
24.63333,114
24.64167,117
24.65000,121
24.65833,125
24.66667,129
24.67500,134
24.68333,139
24.69167,144
24.70000,149
24.70833,154
24.71667,160
24.72500,166
24.73333,173
24.74167,180
24.75000,186
24.75833,193
24.76667,200
24.77500,208
24.78333,215
24.79167,223
24.80000,231
24.80833,239
24.81667,248
24.82500,256
24.83333,265
24.84167,273
24.85000,281
24.85833,289
24.86667,298
24.87500,306
24.88333,314
24.89167,322
24.90000,330
24.90833,338
24.91667,344
24.92500,351
24.93333,358
24.94167,363
24.95000,369
24.95833,374
24.96667,378
24.97500,382
24.98333,386
24.99167,388
25.00000,391
25.00833,393
25.01667,394
25.02500,395
25.03333,395
25.04167,395
25.05000,394
25.05833,393
25.06667,391
25.07500,388
25.08333,385
25.09167,381
25.10000,377
25.10833,373
25.11667,368
25.12500,363
25.13333,357
25.14167,352
25.15000,345
25.15833,339
25.16667,332
25.17500,324
25.18333,317
25.19167,309
25.20000,302
25.20833,295
25.21667,287
25.22500,279
25.23333,271
25.24167,264
25.25000,256
25.25833,248
25.26667,240
25.27500,232
25.28333,225
25.29167,217
25.30000,210
25.30833,203
25.31667,197
25.32500,190
25.33333,184
25.34167,178
25.35000,172
25.35833,167
25.36667,161
25.37500,155
25.38333,150
25.39167,145
25.40000,140
25.40833,135
25.41667,131
25.42500,126
25.43333,123
25.44167,119
25.45000,116
25.45833,113
25.46667,110
25.47500,107
25.48333,104
25.49167,101
25.50000,98
25.50833,96
25.51667,94
25.52500,92
25.53333,91
25.54167,89
25.55000,88
25.55833,87
25.56667,86
25.57500,84
25.58333,83
25.59167,82
25.60000,81
25.60833,80
25.61667,79
25.62500,78
25.63333,78
25.64167,78
25.65000,77
25.65833,77
25.66667,76
25.67500,76
25.68333,76
25.69167,76
25.70000,76
25.70833,76
25.71667,76
25.72500,76
25.73333,76
25.74167,76
25.75000,77
25.75833,77
25.76667,77
25.77500,77
25.78333,77
25.79167,77
25.80000,78
25.80833,78
25.81667,78
25.82500,78
25.83333,79
25.84167,80
25.85000,80
25.85833,81
25.86667,82
25.87500,82
25.88333,83
25.89167,83
25.90000,83
25.90833,83
25.91667,83
25.92500,83
25.93333,83
25.94167,83
25.95000,83
25.95833,83
25.96667,84
25.97500,84
25.98333,84
25.99167,85
26.00000,85
26.00833,85
26.01667,85
26.02500,86
26.03333,86
26.04167,86
26.05000,86
26.05833,86
26.06667,86
26.07500,86
26.08333,86
26.09167,86
26.10000,85
26.10833,85
26.11667,85
26.12500,85
26.13333,85
26.14167,84
26.15000,84
26.15833,84
26.16667,84
26.17500,84
26.18333,83
26.19167,83
26.20000,83
26.20833,82
26.21667,82
26.22500,82
26.23333,81
26.24167,81
26.25000,80
26.25833,80
26.26667,80
26.27500,80
26.28333,79
26.29167,79
26.30000,79
26.30833,79
26.31667,79
26.32500,78
26.33333,78
26.34167,78
26.35000,77
26.35833,76
26.36667,76
26.37500,76
26.38333,76
26.39167,76
26.40000,76
26.40833,75
26.41667,75
26.42500,75
26.43333,75
26.44167,75
26.45000,74
26.45833,74
26.46667,74
26.47500,73
26.48333,73
26.49167,73
26.50000,72
26.50833,71
26.51667,71
26.52500,70
26.53333,70
26.54167,70
26.55000,70
26.55833,70
26.56667,70
26.57500,69
26.58333,69
26.59167,69
26.60000,69
26.60833,69
26.61667,69
26.62500,69
26.63333,68
26.64167,68
26.65000,68
26.65833,68
26.66667,68
26.67500,68
26.68333,68
26.69167,68
26.70000,68
26.70833,68
26.71667,68
26.72500,68
26.73333,68
26.74167,68
26.75000,68
26.75833,68
26.76667,68
26.77500,68
26.78333,68
26.79167,69
26.80000,69
26.80833,70
26.81667,70
26.82500,71
26.83333,71
26.84167,71
26.85000,71
26.85833,72
26.86667,72
26.87500,72
26.88333,72
26.89167,72
26.90000,73
26.90833,73
26.91667,74
26.92500,75
26.93333,75
26.94167,76
26.95000,76
26.95833,77
26.96667,77
26.97500,77
26.98333,77
26.99167,77
27.00000,78
27.00833,78
27.01667,78
27.02500,78
27.03333,79
27.04167,79
27.05000,80
27.05833,80
27.06667,80
27.07500,81
27.08333,81
27.09167,82
27.10000,82
27.10833,82
27.11667,83
27.12500,83
27.13333,83
27.14167,84
27.15000,84
27.15833,84
27.16667,84
27.17500,84
27.18333,84
27.19167,84
27.20000,84
27.20833,84
27.21667,84
27.22500,84
27.23333,85
27.24167,85
27.25000,86
27.25833,86
27.26667,87
27.27500,87
27.28333,87
27.29167,87
27.30000,87
27.30833,87
27.31667,87
27.32500,87
27.33333,87
27.34167,87
27.35000,87
27.35833,86
27.36667,86
27.37500,86
27.38333,86
27.39167,86
27.40000,86
27.40833,86
27.41667,86
27.42500,85
27.43333,85
27.44167,84
27.45000,84
27.45833,84
27.46667,83
27.47500,83
27.48333,82
27.49167,82
27.50000,82
27.50833,82
27.51667,82
27.52500,81
27.53333,81
27.54167,81
27.55000,81
27.55833,80
27.56667,80
27.57500,79
27.58333,79
27.59167,78
27.60000,77
27.60833,76
27.61667,76
27.62500,76
27.63333,76
27.64167,75
27.65000,75
27.65833,74
27.66667,73
27.67500,72
27.68333,72
27.69167,72
27.70000,71
27.70833,71
27.71667,70
27.72500,70
27.73333,69
27.74167,69
27.75000,68
27.75833,67
27.76667,66
27.77500,66
27.78333,65
27.79167,64
27.80000,63
27.80833,63
27.81667,62
27.82500,61
27.83333,60
27.84167,59
27.85000,57
27.85833,56
27.86667,55
27.87500,53
27.88333,51
27.89167,50
27.90000,48
27.90833,46
27.91667,45
27.92500,43
27.93333,42
27.94167,40
27.95000,38
27.95833,36
27.96667,33
27.97500,31
27.98333,29
27.99167,27
28.00000,24
28.00833,22
28.01667,19
28.02500,16
28.03333,13
28.04167,10
28.05000,7
28.05833,4
28.06667,1
28.07500,-2
28.08333,-5
28.09167,-8
28.10000,-11
28.10833,-14
28.11667,-17
28.12500,-20
28.13333,-24
28.14167,-27
28.15000,-30
28.15833,-33
28.16667,-36
28.17500,-39
28.18333,-42
28.19167,-45
28.20000,-47
28.20833,-50
28.21667,-53
28.22500,-55
28.23333,-58
28.24167,-60
28.25000,-62
28.25833,-64
28.26667,-66
28.27500,-68
28.28333,-69
28.29167,-70
28.30000,-71
28.30833,-72
28.31667,-73
28.32500,-74
28.33333,-74
28.34167,-75
28.35000,-75
28.35833,-75
28.36667,-74
28.37500,-74
28.38333,-73
28.39167,-72
28.40000,-71
28.40833,-70
28.41667,-69
28.42500,-68
28.43333,-67
28.44167,-65
28.45000,-64
28.45833,-62
28.46667,-60
28.47500,-58
28.48333,-56
28.49167,-53
28.50000,-51
28.50833,-48
28.51667,-46
28.52500,-43
28.53333,-40
28.54167,-37
28.55000,-34
28.55833,-32
28.56667,-29
28.57500,-27
28.58333,-23
28.59167,-20
28.60000,-18
28.60833,-15
28.61667,-12
28.62500,-9
28.63333,-6
28.64167,-3
28.65000,-1
28.65833,2
28.66667,5
28.67500,7
28.68333,10
28.69167,12
28.70000,14
28.70833,16
28.71667,19
28.72500,21
28.73333,23
28.74167,25
28.75000,27
28.75833,29
28.76667,31
28.77500,33
28.78333,35
28.79167,36
28.80000,38
28.80833,39
28.81667,40
28.82500,41
28.83333,42
28.84167,44
28.85000,45
28.85833,46
28.86667,47
28.87500,48
28.88333,49
28.89167,50
28.90000,50
28.90833,51
28.91667,53
28.92500,53
28.93333,54
28.94167,54
28.95000,55
28.95833,56
28.96667,56
28.97500,57
28.98333,57
28.99167,57
29.00000,58
29.00833,58
29.01667,59
29.02500,59
29.03333,60
29.04167,60
29.05000,61
29.05833,61
29.06667,61
29.07500,61
29.08333,62
29.09167,62
29.10000,62
29.10833,62
29.11667,63
29.12500,63
29.13333,64
29.14167,64
29.15000,65
29.15833,65
29.16667,66
29.17500,66
29.18333,67
29.19167,67
29.20000,68
29.20833,69
29.21667,69
29.22500,70
29.23333,70
29.24167,71
29.25000,71
29.25833,72
29.26667,72
29.27500,72
29.28333,73
29.29167,73
29.30000,74
29.30833,74
29.31667,74
29.32500,74
29.33333,75
29.34167,75
29.35000,75
29.35833,75
29.36667,75
29.37500,76
29.38333,76
29.39167,76
29.40000,76
29.40833,77
29.41667,77
29.42500,77
29.43333,77
29.44167,77
29.45000,77
29.45833,77
29.46667,77
29.47500,77
29.48333,77
29.49167,77
29.50000,76
29.50833,76
29.51667,76
29.52500,75
29.53333,75
29.54167,75
29.55000,75
29.55833,74
29.56667,74
29.57500,74
29.58333,73
29.59167,73
29.60000,72
29.60833,71
29.61667,71
29.62500,70
29.63333,69
29.64167,69
29.65000,68
29.65833,67
29.66667,66
29.67500,65
29.68333,63
29.69167,62
29.70000,61
29.70833,61
29.71667,60
29.72500,59
29.73333,58
29.74167,57
29.75000,56
29.75833,54
29.76667,53
29.77500,52
29.78333,51
29.79167,49
29.80000,48
29.80833,47
29.81667,45
29.82500,44
29.83333,42
29.84167,41
29.85000,40
29.85833,38
29.86667,37
29.87500,36
29.88333,34
29.89167,32
29.90000,31
29.90833,30
29.91667,28
29.92500,27
29.93333,26
29.94167,24
29.95000,23
29.95833,22
29.96667,21
29.97500,20
29.98333,19
29.99167,17
30.00000,16
30.00833,15
30.01667,14
30.02500,13
30.03333,12
30.04167,11
30.05000,11
30.05833,10
30.06667,10
30.07500,9
30.08333,9
30.09167,8
30.10000,8
30.10833,8
30.11667,8
30.12500,7
30.13333,7
30.14167,7
30.15000,7
30.15833,7
30.16667,7
30.17500,8
30.18333,8
30.19167,9
30.20000,9
30.20833,10
30.21667,10
30.22500,11
30.23333,12
30.24167,13
30.25000,14
30.25833,14
30.26667,15
30.27500,15
30.28333,16
30.29167,17
30.30000,18
30.30833,19
30.31667,21
30.32500,21
30.33333,22
30.34167,23
30.35000,24
30.35833,25
30.36667,26
30.37500,28
30.38333,29
30.39167,30
30.40000,31
30.40833,32
30.41667,34
30.42500,35
30.43333,36
30.44167,38
30.45000,38
30.45833,39
30.46667,40
30.47500,41
30.48333,43
30.49167,44
30.50000,46
30.50833,47
30.51667,48
30.52500,48
30.53333,49
30.54167,50
30.55000,50
30.55833,51
30.56667,51
30.57500,52
30.58333,53
30.59167,53
30.60000,54
30.60833,55
30.61667,56
30.62500,57
30.63333,57
30.64167,58
30.65000,58
30.65833,58
30.66667,59
30.67500,59
30.68333,59
30.69167,59
30.70000,59
30.70833,59
30.71667,60
30.72500,60
30.73333,60
30.74167,60
30.75000,59
30.75833,59
30.76667,59
30.77500,59
30.78333,60
30.79167,60
30.80000,60
30.80833,59
30.81667,59
30.82500,59
30.83333,59
30.84167,60
30.85000,60
30.85833,59
30.86667,59
30.87500,59
30.88333,59
30.89167,59
30.90000,59
30.90833,59
30.91667,59
30.92500,59
30.93333,59
30.94167,59
30.95000,59
30.95833,59
30.96667,58
30.97500,58
30.98333,58
30.99167,58
31.00000,58
31.00833,57
31.01667,57
31.02500,58
31.03333,58
31.04167,59
31.05000,59
31.05833,60
31.06667,60
31.07500,61
31.08333,61
31.09167,61
31.10000,62
31.10833,62
31.11667,63
31.12500,63
31.13333,63
31.14167,64
31.15000,64
31.15833,64
31.16667,64
31.17500,65
31.18333,66
31.19167,67
31.20000,68
31.20833,69
31.21667,69
31.22500,70
31.23333,71
31.24167,71
31.25000,72
31.25833,73
31.26667,73
31.27500,74
31.28333,75
31.29167,75
31.30000,76
31.30833,76
31.31667,76
31.32500,77
31.33333,77
31.34167,78
31.35000,79
31.35833,79
31.36667,80
31.37500,80
31.38333,81
31.39167,82
31.40000,82
31.40833,82
31.41667,83
31.42500,83
31.43333,83
31.44167,83
31.45000,83
31.45833,83
31.46667,83
31.47500,83
31.48333,83
31.49167,84
31.50000,84
31.50833,84
31.51667,84
31.52500,84
31.53333,84
31.54167,84
31.55000,84
31.55833,84
31.56667,84
31.57500,83
31.58333,83
31.59167,82
31.60000,82
31.60833,82
31.61667,82
31.62500,82
31.63333,81
31.64167,81
31.65000,80
31.65833,80
31.66667,79
31.67500,79
31.68333,78
31.69167,78
31.70000,78
31.70833,78
31.71667,77
31.72500,77
31.73333,77
31.74167,77
31.75000,77
31.75833,76
31.76667,75
31.77500,75
31.78333,75
31.79167,74
31.80000,74
31.80833,74
31.81667,74
31.82500,74
31.83333,74
31.84167,74
31.85000,73
31.85833,73
31.86667,73
31.87500,73
31.88333,74
31.89167,74
31.90000,74
31.90833,74
31.91667,74
31.92500,74
31.93333,74
31.94167,74
31.95000,74
31.95833,74
31.96667,74
31.97500,75
31.98333,74
31.99167,74
32.00000,75
32.00833,75
32.01667,75
32.02500,76
32.03333,76
32.04167,76
32.05000,77
32.05833,77
32.06667,77
32.07500,78
32.08333,78
32.09167,79
32.10000,79
32.10833,79
32.11667,80
32.12500,81
32.13333,81
32.14167,82
32.15000,83
32.15833,83
32.16667,83
32.17500,84
32.18333,84
32.19167,84
32.20000,85
32.20833,85
32.21667,86
32.22500,87
32.23333,87
32.24167,87
32.25000,87
32.25833,88
32.26667,88
32.27500,88
32.28333,89
32.29167,89
32.30000,89
32.30833,89
32.31667,89
32.32500,89
32.33333,89
32.34167,89
32.35000,89
32.35833,89
32.36667,89
32.37500,89
32.38333,89
32.39167,89
32.40000,89
32.40833,89
32.41667,89
32.42500,89
32.43333,88
32.44167,88
32.45000,88
32.45833,88
32.46667,88
32.47500,88
32.48333,88
32.49167,87
32.50000,87
32.50833,87
32.51667,87
32.52500,86
32.53333,86
32.54167,86
32.55000,86
32.55833,86
32.56667,86
32.57500,86
32.58333,86
32.59167,85
32.60000,85
32.60833,86
32.61667,86
32.62500,86
32.63333,85
32.64167,85
32.65000,85
32.65833,85
32.66667,85
32.67500,85
32.68333,84
32.69167,84
32.70000,84
32.70833,83
32.71667,83
32.72500,83
32.73333,82
32.74167,82
32.75000,82
32.75833,82
32.76667,82
32.77500,82
32.78333,82
32.79167,82
32.80000,82
32.80833,81
32.81667,81
32.82500,80
32.83333,80
32.84167,80
32.85000,80
32.85833,80
32.86667,80
32.87500,79
32.88333,79
32.89167,78
32.90000,78
32.90833,78
32.91667,77
32.92500,77
32.93333,77
32.94167,76
32.95000,76
32.95833,76
32.96667,76
32.97500,76
32.98333,76
32.99167,75
33.00000,75
33.00833,75
33.01667,75
33.02500,75
33.03333,75
33.04167,75
33.05000,76
33.05833,76
33.06667,76
33.07500,77
33.08333,77
33.09167,77
33.10000,77
33.10833,78
33.11667,78
33.12500,78
33.13333,79
33.14167,79
33.15000,79
33.15833,80
33.16667,80
33.17500,81
33.18333,81
33.19167,81
33.20000,82
33.20833,82
33.21667,83
33.22500,84
33.23333,84
33.24167,85
33.25000,86
33.25833,87
33.26667,87
33.27500,88
33.28333,89
33.29167,90
33.30000,90
33.30833,91
33.31667,92
33.32500,92
33.33333,93
33.34167,93
33.35000,94
33.35833,94
33.36667,95
33.37500,95
33.38333,95
33.39167,96
33.40000,96
33.40833,97
33.41667,98
33.42500,98
33.43333,98
33.44167,98
33.45000,99
33.45833,99
33.46667,99
33.47500,100
33.48333,100
33.49167,100
33.50000,101
33.50833,101
33.51667,101
33.52500,102
33.53333,102
33.54167,102
33.55000,102
33.55833,102
33.56667,102
33.57500,102
33.58333,102
33.59167,102
33.60000,102
33.60833,102
33.61667,102
33.62500,102
33.63333,102
33.64167,102
33.65000,101
33.65833,101
33.66667,101
33.67500,102
33.68333,101
33.69167,101
33.70000,101
33.70833,101
33.71667,101
33.72500,101
33.73333,101
33.74167,100
33.75000,100
33.75833,100
33.76667,99
33.77500,99
33.78333,99
33.79167,99
33.80000,99
33.80833,99
33.81667,98
33.82500,98
33.83333,97
33.84167,97
33.85000,97
33.85833,97
33.86667,97
33.87500,96
33.88333,97
33.89167,96
33.90000,96
33.90833,96
33.91667,95
33.92500,95
33.93333,95
33.94167,95
33.95000,94
33.95833,94
33.96667,93
33.97500,93
33.98333,93
33.99167,92
34.00000,92
34.00833,91
34.01667,91
34.02500,90
34.03333,90
34.04167,90
34.05000,90
34.05833,90
34.06667,90
34.07500,90
34.08333,90
34.09167,90
34.10000,89
34.10833,89
34.11667,88
34.12500,88
34.13333,88
34.14167,87
34.15000,87
34.15833,87
34.16667,88
34.17500,87
34.18333,87
34.19167,87
34.20000,87
34.20833,87
34.21667,87
34.22500,88
34.23333,88
34.24167,88
34.25000,88
34.25833,88
34.26667,88
34.27500,88
34.28333,88
34.29167,88
34.30000,88
34.30833,88
34.31667,88
34.32500,88
34.33333,89
34.34167,89
34.35000,89
34.35833,89
34.36667,89
34.37500,89
34.38333,89
34.39167,89
34.40000,89
34.40833,89
34.41667,89
34.42500,89
34.43333,90
34.44167,90
34.45000,90
34.45833,90
34.46667,91
34.47500,91
34.48333,91
34.49167,91
34.50000,91
34.50833,92
34.51667,92
34.52500,92
34.53333,92
34.54167,93
34.55000,93
34.55833,93
34.56667,93
34.57500,93
34.58333,94
34.59167,94
34.60000,94
34.60833,94
34.61667,94
34.62500,95
34.63333,95
34.64167,95
34.65000,95
34.65833,95
34.66667,95
34.67500,95
34.68333,95
34.69167,95
34.70000,95
34.70833,95
34.71667,95
34.72500,95
34.73333,95
34.74167,95
34.75000,95
34.75833,96
34.76667,96
34.77500,96
34.78333,96
34.79167,96
34.80000,96
34.80833,96
34.81667,96
34.82500,96
34.83333,96
34.84167,97
34.85000,97
34.85833,96
34.86667,96
34.87500,96
34.88333,96
34.89167,96
34.90000,96
34.90833,96
34.91667,95
34.92500,95
34.93333,95
34.94167,95
34.95000,96
34.95833,96
34.96667,96
34.97500,96
34.98333,96
34.99167,96
35.00000,96
35.00833,96
35.01667,96
35.02500,96
35.03333,96
35.04167,96
35.05000,96
35.05833,96
35.06667,96
35.07500,96
35.08333,96
35.09167,95
35.10000,95
35.10833,95
35.11667,94
35.12500,94
35.13333,95
35.14167,95
35.15000,95
35.15833,95
35.16667,94
35.17500,94
35.18333,94
35.19167,94
35.20000,94
35.20833,94
35.21667,94
35.22500,93
35.23333,93
35.24167,93
35.25000,93
35.25833,92
35.26667,92
35.27500,93
35.28333,93
35.29167,93
35.30000,93
35.30833,93
35.31667,93
35.32500,93
35.33333,92
35.34167,92
35.35000,92
35.35833,92
35.36667,92
35.37500,92
35.38333,92
35.39167,92
35.40000,92
35.40833,92
35.41667,92
35.42500,92
35.43333,92
35.44167,92
35.45000,92
35.45833,92
35.46667,92
35.47500,92
35.48333,93
35.49167,93
35.50000,93
35.50833,93
35.51667,93
35.52500,93
35.53333,93
35.54167,92
35.55000,92
35.55833,93
35.56667,93
35.57500,93
35.58333,93
35.59167,92
35.60000,92
35.60833,92
35.61667,92
35.62500,92
35.63333,93
35.64167,93
35.65000,93
35.65833,94
35.66667,93
35.67500,93
35.68333,93
35.69167,93
35.70000,94
35.70833,94
35.71667,94
35.72500,94
35.73333,94
35.74167,94
35.75000,94
35.75833,94
35.76667,94
35.77500,95
35.78333,95
35.79167,95
35.80000,95
35.80833,95
35.81667,95
35.82500,95
35.83333,95
35.84167,95
35.85000,96
35.85833,96
35.86667,97
35.87500,97
35.88333,97
35.89167,96
35.90000,96
35.90833,96
35.91667,96
35.92500,96
35.93333,96
35.94167,96
35.95000,96
35.95833,96
35.96667,96
35.97500,96
35.98333,97
35.99167,97
36.00000,97
36.00833,97
36.01667,98
36.02500,98
36.03333,98
36.04167,98
36.05000,98
36.05833,98
36.06667,98
36.07500,99
36.08333,99
36.09167,99
36.10000,99
36.10833,98
36.11667,98
36.12500,98
36.13333,98
36.14167,98
36.15000,97
36.15833,97
36.16667,97
36.17500,97
36.18333,97
36.19167,97
36.20000,97
36.20833,97
36.21667,97
36.22500,97
36.23333,97
36.24167,96
36.25000,96
36.25833,96
36.26667,96
36.27500,96
36.28333,96
36.29167,96
36.30000,96
36.30833,96
36.31667,96
36.32500,95
36.33333,95
36.34167,95
36.35000,94
36.35833,94
36.36667,94
36.37500,94
36.38333,93
36.39167,93
36.40000,93
36.40833,93
36.41667,93
36.42500,93
36.43333,93
36.44167,93
36.45000,93
36.45833,93
36.46667,92
36.47500,92
36.48333,92
36.49167,91
36.50000,91
36.50833,91
36.51667,91
36.52500,91
36.53333,91
36.54167,90
36.55000,90
36.55833,89
36.56667,89
36.57500,88
36.58333,88
36.59167,87
36.60000,87
36.60833,87
36.61667,87
36.62500,87
36.63333,87
36.64167,87
36.65000,86
36.65833,86
36.66667,86
36.67500,86
36.68333,85
36.69167,85
36.70000,85
36.70833,85
36.71667,85
36.72500,85
36.73333,84
36.74167,84
36.75000,84
36.75833,84
36.76667,84
36.77500,84
36.78333,84
36.79167,84
36.80000,84
36.80833,84
36.81667,84
36.82500,85
36.83333,85
36.84167,85
36.85000,85
36.85833,85
36.86667,85
36.87500,85
36.88333,85
36.89167,86
36.90000,86
36.90833,87
36.91667,87
36.92500,88
36.93333,88
36.94167,88
36.95000,89
36.95833,90
36.96667,91
36.97500,91
36.98333,92
36.99167,92
37.00000,93
37.00833,94
37.01667,94
37.02500,95
37.03333,96
37.04167,97
37.05000,97
37.05833,98
37.06667,99
37.07500,100
37.08333,100
37.09167,101
37.10000,102
37.10833,102
37.11667,103
37.12500,103
37.13333,104
37.14167,104
37.15000,105
37.15833,105
37.16667,106
37.17500,106
37.18333,106
37.19167,106
37.20000,107
37.20833,107
37.21667,107
37.22500,108
37.23333,108
37.24167,109
37.25000,109
37.25833,109
37.26667,109
37.27500,109
37.28333,109
37.29167,109
37.30000,109
37.30833,109
37.31667,109
37.32500,109
37.33333,108
37.34167,108
37.35000,107
37.35833,107
37.36667,107
37.37500,107
37.38333,107
37.39167,106
37.40000,106
37.40833,106
37.41667,105
37.42500,105
37.43333,105
37.44167,105
37.45000,105
37.45833,105
37.46667,105
37.47500,104
37.48333,104
37.49167,104
37.50000,104
37.50833,103
37.51667,103
37.52500,102
37.53333,102
37.54167,102
37.55000,102
37.55833,102
37.56667,102
37.57500,102
37.58333,102
37.59167,102
37.60000,102
37.60833,102
37.61667,101
37.62500,101
37.63333,101
37.64167,101
37.65000,101
37.65833,100
37.66667,100
37.67500,100
37.68333,100
37.69167,100
37.70000,100
37.70833,100
37.71667,100
37.72500,100
37.73333,100
37.74167,99
37.75000,99
37.75833,99
37.76667,98
37.77500,98
37.78333,98
37.79167,98
37.80000,97
37.80833,97
37.81667,98
37.82500,98
37.83333,98
37.84167,98
37.85000,98
37.85833,98
37.86667,97
37.87500,97
37.88333,97
37.89167,97
37.90000,97
37.90833,97
37.91667,97
37.92500,97
37.93333,97
37.94167,97
37.95000,96
37.95833,96
37.96667,96
37.97500,96
37.98333,96
37.99167,96
38.00000,96
38.00833,96
38.01667,96
38.02500,96
38.03333,97
38.04167,97
38.05000,96
38.05833,96
38.06667,96
38.07500,96
38.08333,97
38.09167,97
38.10000,97
38.10833,98
38.11667,98
38.12500,98
38.13333,98
38.14167,98
38.15000,99
38.15833,99
38.16667,99
38.17500,99
38.18333,100
38.19167,100
38.20000,100
38.20833,100
38.21667,100
38.22500,100
38.23333,101
38.24167,101
38.25000,102
38.25833,102
38.26667,102
38.27500,102
38.28333,103
38.29167,103
38.30000,103
38.30833,103
38.31667,104
38.32500,104
38.33333,104
38.34167,104
38.35000,104
38.35833,104
38.36667,104
38.37500,104
38.38333,104
38.39167,104
38.40000,104
38.40833,104
38.41667,104
38.42500,104
38.43333,104
38.44167,103
38.45000,104
38.45833,104
38.46667,103
38.47500,103
38.48333,103
38.49167,103
38.50000,103
38.50833,103
38.51667,103
38.52500,103
38.53333,103
38.54167,102
38.55000,102
38.55833,102
38.56667,102
38.57500,102
38.58333,101
38.59167,101
38.60000,101
38.60833,101
38.61667,101
38.62500,100
38.63333,100
38.64167,100
38.65000,100
38.65833,99
38.66667,99
38.67500,99
38.68333,98
38.69167,98
38.70000,97
38.70833,97
38.71667,96
38.72500,96
38.73333,96
38.74167,96
38.75000,96
38.75833,95
38.76667,95
38.77500,95
38.78333,95
38.79167,94
38.80000,94
38.80833,94
38.81667,93
38.82500,93
38.83333,92
38.84167,92
38.85000,92
38.85833,92
38.86667,92
38.87500,92
38.88333,92
38.89167,91
38.90000,91
38.90833,91
38.91667,91
38.92500,91
38.93333,92
38.94167,92
38.95000,91
38.95833,91
38.96667,90
38.97500,90
38.98333,90
38.99167,90
39.00000,90
39.00833,91
39.01667,91
39.02500,91
39.03333,91
39.04167,92
39.05000,92
39.05833,92
39.06667,92
39.07500,92
39.08333,92
39.09167,92
39.10000,92
39.10833,92
39.11667,92
39.12500,92
39.13333,92
39.14167,93
39.15000,93
39.15833,93
39.16667,93
39.17500,93
39.18333,93
39.19167,93
39.20000,94
39.20833,94
39.21667,95
39.22500,95
39.23333,95
39.24167,96
39.25000,96
39.25833,97
39.26667,97
39.27500,98
39.28333,98
39.29167,99
39.30000,99
39.30833,99
39.31667,99
39.32500,100
39.33333,100
39.34167,100
39.35000,100
39.35833,100
39.36667,100
39.37500,101
39.38333,101
39.39167,101
39.40000,101
39.40833,102
39.41667,102
39.42500,103
39.43333,103
39.44167,104
39.45000,104
39.45833,105
39.46667,105
39.47500,105
39.48333,106
39.49167,105
39.50000,105
39.50833,106
39.51667,106
39.52500,106
39.53333,106
39.54167,107
39.55000,107
39.55833,107
39.56667,107
39.57500,107
39.58333,107
39.59167,108
39.60000,108
39.60833,108
39.61667,108
39.62500,109
39.63333,109
39.64167,109
39.65000,109
39.65833,109
39.66667,109
39.67500,109
39.68333,110
39.69167,110
39.70000,110
39.70833,111
39.71667,111
39.72500,111
39.73333,112
39.74167,112
39.75000,112
39.75833,112
39.76667,113
39.77500,113
39.78333,113
39.79167,113
39.80000,113
39.80833,114
39.81667,114
39.82500,114
39.83333,114
39.84167,114
39.85000,114
39.85833,114
39.86667,114
39.87500,114
39.88333,114
39.89167,114
39.90000,114
39.90833,114
39.91667,115
39.92500,115
39.93333,115
39.94167,115
39.95000,115
39.95833,115
39.96667,115
39.97500,115
39.98333,115
39.99167,115
40.00000,115

