[Header]
Application Name,LabSolutions
Version,5.97 SP1
Data File Name,C:\Users\cremerlab\Desktop\griffin\2021-04-06_REL606_DM_glucose_turnover\2021-04-06_REL606_DM_glucose_turnover_462021_001_001.lcd
Output Date,4/6/2021
Output Time,5:56:19 PM

[File Information]
Type,Data File
Generated,4/6/2021 5:16:00 PM
Generated by,System Administrator
Modified,4/6/2021 5:56:19 PM
Modified by,System Administrator

[Sample Information]
Operator Name,System Administrator
Acquired,4/6/2021 5:16:19 PM
Sample Type,1:Standard
Level,1
Sample Name,2021-04-04_REL606_replicate_001_timepoint_001
Sample ID,001
ISTD Amount1,1
ISTD Amount2,1
ISTD Amount3,1
ISTD Amount4,1
ISTD Amount5,1
ISTD Amount6,1
ISTD Amount7,1
ISTD Amount8,1
ISTD Amount9,1
ISTD Amount10,1
ISTD Amount11,1
ISTD Amount12,1
ISTD Amount13,1
ISTD Amount14,1
ISTD Amount15,1
ISTD Amount16,1
ISTD Amount17,1
ISTD Amount18,1
ISTD Amount19,1
ISTD Amount20,1
ISTD Amount21,1
ISTD Amount22,1
ISTD Amount23,1
ISTD Amount24,1
ISTD Amount25,1
ISTD Amount26,1
ISTD Amount27,1
ISTD Amount28,1
ISTD Amount29,1
ISTD Amount30,1
ISTD Amount31,1
ISTD Amount32,1
Sample Amount,1
Dilution Factor,1
Vial#,1
Injection Volume,20

[Original Files]
Data File,C:\Users\cremerlab\Desktop\griffin\2021-04-06_REL606_DM_glucose_turnover\2021-04-06_REL606_DM_glucose_turnover_462021_001_001.lcd
Method File,C:\Users\cremerlab\Desktop\griffin\2.5mM_H2SO4_mobile_phase.lcm
Batch File,C:\Users\cremerlab\Desktop\griffin\2021-04-06_REL606_DM_glucose_turnover\2021-04-06_REL606_DM_glucose_turnover.lcb
Report Format File,c:\LabSolutions\System\DEFAULT.lsr

[File Description]


[Configuration]
Instrument Name,HPLC-PC-Instrument1
Instrument #,1
Line #,1
# of Detectors,2
Detector ID,Detector A,Detector B
Detector Name,Detector A,Detector B
# of Channels,1,1

[Peak Table(Detector A)]
# of Peaks,0

[Peak Table(Detector B)]
# of Peaks,8
Peak#,R.Time,I.Time,F.Time,Area,Height,A/H,Conc.,Mark,ID#,Name,k',Plate #,Plate Ht.,Tailing,Resolution,Sep.Factor,Area Ratio,Height Ratio,Conc. %,Norm Conc.
1,3.588,2.692,4.258,17884,346,51.720,0.000,   ,,,0.000,113,1323.438,0.894,0.000,0.000,0,0,0.000,0.000
2,10.891,4.475,11.325,610219,17508,34.853,0.000,   ,,,2.035,8229,18.227,0.000,7.988,0.000,0,0,0.000,0.000
3,11.593,11.325,12.558,83706,1476,56.708,0.000, V ,,,2.231,146,1030.009,0.000,0.325,1.096,0,0,0.000,0.000
4,13.976,12.558,14.242,1927165,48976,39.349,0.000, V ,,,2.895,2980,50.334,0.000,0.980,1.298,0,0,0.000,0.000
5,14.330,14.242,14.975,189293,10850,17.447,0.000, V ,,,2.993,2081,72.071,0.000,0.310,1.034,0,0,0.000,0.000
6,15.675,14.975,17.583,1170433,45672,25.627,0.000, V ,,,3.368,9063,16.551,1.149,1.404,1.125,0,0,0.000,0.000
7,19.078,18.742,19.592,2778,122,22.791,0.000,   ,,,4.316,14831,10.114,1.127,5.295,1.282,0,0,0.000,0.000
8,25.026,24.642,25.592,2692,97,27.636,0.000,   ,,,5.974,17420,8.611,1.195,8.589,1.384,0,0,0.000,0.000

[LC Chromatogram(Detector B-Ch1)]
Interval(msec),500
# of Points,4801
Start Time(min),0.000
End Time(min),40.000
Intensity Units,mV
Intensity Multiplier,0.001
R.Time (min),Intensity
0.00000,132
0.00833,132
0.01667,1
0.02500,3
0.03333,5
0.04167,7
0.05000,8
0.05833,9
0.06667,10
0.07500,12
0.08333,13
0.09167,13
0.10000,14
0.10833,15
0.11667,16
0.12500,17
0.13333,18
0.14167,19
0.15000,19
0.15833,20
0.16667,20
0.17500,21
0.18333,21
0.19167,22
0.20000,23
0.20833,23
0.21667,24
0.22500,24
0.23333,25
0.24167,26
0.25000,26
0.25833,26
0.26667,27
0.27500,27
0.28333,27
0.29167,27
0.30000,27
0.30833,28
0.31667,28
0.32500,28
0.33333,28
0.34167,28
0.35000,28
0.35833,28
0.36667,29
0.37500,29
0.38333,29
0.39167,29
0.40000,29
0.40833,29
0.41667,29
0.42500,29
0.43333,28
0.44167,28
0.45000,28
0.45833,27
0.46667,27
0.47500,27
0.48333,26
0.49167,26
0.50000,26
0.50833,25
0.51667,25
0.52500,25
0.53333,24
0.54167,23
0.55000,23
0.55833,22
0.56667,22
0.57500,21
0.58333,21
0.59167,20
0.60000,20
0.60833,19
0.61667,19
0.62500,18
0.63333,17
0.64167,16
0.65000,16
0.65833,15
0.66667,14
0.67500,14
0.68333,13
0.69167,12
0.70000,11
0.70833,11
0.71667,10
0.72500,9
0.73333,8
0.74167,8
0.75000,8
0.75833,8
0.76667,7
0.77500,6
0.78333,5
0.79167,5
0.80000,4
0.80833,3
0.81667,3
0.82500,3
0.83333,2
0.84167,1
0.85000,1
0.85833,-0
0.86667,-1
0.87500,-2
0.88333,-2
0.89167,-3
0.90000,-4
0.90833,-5
0.91667,-6
0.92500,-6
0.93333,-7
0.94167,-7
0.95000,-7
0.95833,-8
0.96667,-8
0.97500,-9
0.98333,-9
0.99167,-10
1.00000,-10
1.00833,-11
1.01667,-11
1.02500,-12
1.03333,-12
1.04167,-13
1.05000,-13
1.05833,-14
1.06667,-14
1.07500,-15
1.08333,-16
1.09167,-16
1.10000,-17
1.10833,-17
1.11667,-18
1.12500,-18
1.13333,-18
1.14167,-19
1.15000,-19
1.15833,-19
1.16667,-19
1.17500,-19
1.18333,-19
1.19167,-20
1.20000,-21
1.20833,-21
1.21667,-22
1.22500,-23
1.23333,-23
1.24167,-23
1.25000,-24
1.25833,-24
1.26667,-24
1.27500,-25
1.28333,-25
1.29167,-26
1.30000,-27
1.30833,-27
1.31667,-28
1.32500,-28
1.33333,-29
1.34167,-29
1.35000,-30
1.35833,-30
1.36667,-31
1.37500,-31
1.38333,-32
1.39167,-32
1.40000,-32
1.40833,-32
1.41667,-32
1.42500,-33
1.43333,-33
1.44167,-34
1.45000,-35
1.45833,-36
1.46667,-36
1.47500,-37
1.48333,-37
1.49167,-37
1.50000,-38
1.50833,-38
1.51667,-38
1.52500,-39
1.53333,-39
1.54167,-40
1.55000,-40
1.55833,-41
1.56667,-41
1.57500,-42
1.58333,-42
1.59167,-42
1.60000,-42
1.60833,-43
1.61667,-43
1.62500,-43
1.63333,-43
1.64167,-44
1.65000,-44
1.65833,-44
1.66667,-44
1.67500,-44
1.68333,-44
1.69167,-44
1.70000,-44
1.70833,-45
1.71667,-45
1.72500,-45
1.73333,-45
1.74167,-45
1.75000,-45
1.75833,-45
1.76667,-45
1.77500,-45
1.78333,-45
1.79167,-45
1.80000,-45
1.80833,-45
1.81667,-45
1.82500,-46
1.83333,-46
1.84167,-46
1.85000,-46
1.85833,-46
1.86667,-46
1.87500,-46
1.88333,-46
1.89167,-47
1.90000,-47
1.90833,-47
1.91667,-47
1.92500,-48
1.93333,-48
1.94167,-48
1.95000,-48
1.95833,-47
1.96667,-47
1.97500,-47
1.98333,-47
1.99167,-47
2.00000,-48
2.00833,-48
2.01667,-48
2.02500,-48
2.03333,-48
2.04167,-48
2.05000,-48
2.05833,-48
2.06667,-48
2.07500,-48
2.08333,-48
2.09167,-48
2.10000,-48
2.10833,-49
2.11667,-49
2.12500,-49
2.13333,-49
2.14167,-49
2.15000,-49
2.15833,-49
2.16667,-49
2.17500,-49
2.18333,-49
2.19167,-50
2.20000,-50
2.20833,-50
2.21667,-50
2.22500,-50
2.23333,-50
2.24167,-50
2.25000,-51
2.25833,-51
2.26667,-51
2.27500,-51
2.28333,-51
2.29167,-52
2.30000,-52
2.30833,-51
2.31667,-51
2.32500,-51
2.33333,-51
2.34167,-52
2.35000,-51
2.35833,-51
2.36667,-51
2.37500,-51
2.38333,-51
2.39167,-51
2.40000,-50
2.40833,-50
2.41667,-50
2.42500,-50
2.43333,-50
2.44167,-49
2.45000,-49
2.45833,-49
2.46667,-49
2.47500,-49
2.48333,-49
2.49167,-48
2.50000,-48
2.50833,-48
2.51667,-47
2.52500,-47
2.53333,-46
2.54167,-46
2.55000,-45
2.55833,-44
2.56667,-43
2.57500,-42
2.58333,-41
2.59167,-41
2.60000,-39
2.60833,-38
2.61667,-37
2.62500,-36
2.63333,-34
2.64167,-33
2.65000,-32
2.65833,-30
2.66667,-28
2.67500,-26
2.68333,-24
2.69167,-22
2.70000,-20
2.70833,-17
2.71667,-14
2.72500,-11
2.73333,-8
2.74167,-5
2.75000,-2
2.75833,1
2.76667,5
2.77500,8
2.78333,12
2.79167,16
2.80000,20
2.80833,25
2.81667,29
2.82500,34
2.83333,39
2.84167,45
2.85000,50
2.85833,55
2.86667,61
2.87500,67
2.88333,74
2.89167,80
2.90000,86
2.90833,93
2.91667,99
2.92500,106
2.93333,113
2.94167,120
2.95000,128
2.95833,135
2.96667,143
2.97500,150
2.98333,158
2.99167,166
3.00000,174
3.00833,181
3.01667,189
3.02500,197
3.03333,206
3.04167,214
3.05000,222
3.05833,231
3.06667,239
3.07500,248
3.08333,256
3.09167,265
3.10000,273
3.10833,281
3.11667,289
3.12500,297
3.13333,305
3.14167,313
3.15000,321
3.15833,329
3.16667,336
3.17500,344
3.18333,351
3.19167,359
3.20000,367
3.20833,374
3.21667,381
3.22500,387
3.23333,394
3.24167,401
3.25000,407
3.25833,414
3.26667,420
3.27500,426
3.28333,432
3.29167,438
3.30000,444
3.30833,450
3.31667,456
3.32500,461
3.33333,465
3.34167,470
3.35000,475
3.35833,479
3.36667,483
3.37500,488
3.38333,492
3.39167,496
3.40000,500
3.40833,504
3.41667,507
3.42500,510
3.43333,513
3.44167,516
3.45000,519
3.45833,522
3.46667,524
3.47500,527
3.48333,529
3.49167,531
3.50000,533
3.50833,535
3.51667,537
3.52500,538
3.53333,539
3.54167,539
3.55000,540
3.55833,540
3.56667,541
3.57500,541
3.58333,541
3.59167,541
3.60000,541
3.60833,541
3.61667,540
3.62500,540
3.63333,539
3.64167,538
3.65000,537
3.65833,536
3.66667,534
3.67500,533
3.68333,532
3.69167,530
3.70000,529
3.70833,527
3.71667,525
3.72500,523
3.73333,520
3.74167,518
3.75000,515
3.75833,512
3.76667,509
3.77500,506
3.78333,504
3.79167,501
3.80000,498
3.80833,495
3.81667,491
3.82500,488
3.83333,484
3.84167,481
3.85000,477
3.85833,474
3.86667,470
3.87500,467
3.88333,463
3.89167,459
3.90000,456
3.90833,452
3.91667,448
3.92500,445
3.93333,441
3.94167,438
3.95000,435
3.95833,431
3.96667,427
3.97500,424
3.98333,420
3.99167,417
4.00000,414
4.00833,411
4.01667,408
4.02500,405
4.03333,403
4.04167,400
4.05000,398
4.05833,396
4.06667,393
4.07500,390
4.08333,388
4.09167,385
4.10000,383
4.10833,381
4.11667,378
4.12500,377
4.13333,375
4.14167,373
4.15000,371
4.15833,369
4.16667,368
4.17500,366
4.18333,365
4.19167,364
4.20000,363
4.20833,362
4.21667,361
4.22500,360
4.23333,359
4.24167,359
4.25000,358
4.25833,358
4.26667,358
4.27500,358
4.28333,358
4.29167,357
4.30000,356
4.30833,356
4.31667,356
4.32500,357
4.33333,357
4.34167,357
4.35000,358
4.35833,358
4.36667,358
4.37500,359
4.38333,359
4.39167,360
4.40000,360
4.40833,361
4.41667,362
4.42500,363
4.43333,364
4.44167,365
4.45000,366
4.45833,367
4.46667,369
4.47500,370
4.48333,372
4.49167,374
4.50000,375
4.50833,377
4.51667,379
4.52500,381
4.53333,383
4.54167,385
4.55000,387
4.55833,389
4.56667,392
4.57500,394
4.58333,396
4.59167,399
4.60000,402
4.60833,405
4.61667,408
4.62500,411
4.63333,414
4.64167,417
4.65000,421
4.65833,425
4.66667,428
4.67500,432
4.68333,436
4.69167,440
4.70000,444
4.70833,448
4.71667,452
4.72500,456
4.73333,460
4.74167,464
4.75000,469
4.75833,473
4.76667,478
4.77500,483
4.78333,487
4.79167,492
4.80000,497
4.80833,502
4.81667,507
4.82500,512
4.83333,518
4.84167,524
4.85000,529
4.85833,535
4.86667,541
4.87500,546
4.88333,552
4.89167,558
4.90000,563
4.90833,569
4.91667,574
4.92500,580
4.93333,586
4.94167,592
4.95000,599
4.95833,605
4.96667,612
4.97500,618
4.98333,625
4.99167,631
5.00000,636
5.00833,643
5.01667,649
5.02500,655
5.03333,662
5.04167,669
5.05000,676
5.05833,683
5.06667,689
5.07500,696
5.08333,703
5.09167,710
5.10000,717
5.10833,724
5.11667,731
5.12500,738
5.13333,744
5.14167,751
5.15000,758
5.15833,765
5.16667,772
5.17500,779
5.18333,786
5.19167,793
5.20000,800
5.20833,807
5.21667,814
5.22500,822
5.23333,829
5.24167,836
5.25000,843
5.25833,849
5.26667,856
5.27500,863
5.28333,870
5.29167,877
5.30000,884
5.30833,890
5.31667,897
5.32500,903
5.33333,910
5.34167,916
5.35000,923
5.35833,930
5.36667,936
5.37500,943
5.38333,950
5.39167,956
5.40000,963
5.40833,970
5.41667,976
5.42500,982
5.43333,988
5.44167,994
5.45000,999
5.45833,1005
5.46667,1011
5.47500,1017
5.48333,1023
5.49167,1028
5.50000,1034
5.50833,1040
5.51667,1045
5.52500,1051
5.53333,1056
5.54167,1061
5.55000,1066
5.55833,1071
5.56667,1076
5.57500,1081
5.58333,1086
5.59167,1091
5.60000,1096
5.60833,1101
5.61667,1106
5.62500,1111
5.63333,1116
5.64167,1121
5.65000,1125
5.65833,1130
5.66667,1134
5.67500,1138
5.68333,1143
5.69167,1147
5.70000,1151
5.70833,1155
5.71667,1159
5.72500,1163
5.73333,1166
5.74167,1171
5.75000,1174
5.75833,1178
5.76667,1182
5.77500,1185
5.78333,1189
5.79167,1193
5.80000,1196
5.80833,1199
5.81667,1202
5.82500,1205
5.83333,1208
5.84167,1211
5.85000,1215
5.85833,1218
5.86667,1221
5.87500,1224
5.88333,1227
5.89167,1230
5.90000,1232
5.90833,1235
5.91667,1237
5.92500,1240
5.93333,1243
5.94167,1246
5.95000,1248
5.95833,1250
5.96667,1252
5.97500,1255
5.98333,1257
5.99167,1260
6.00000,1262
6.00833,1265
6.01667,1267
6.02500,1269
6.03333,1272
6.04167,1274
6.05000,1276
6.05833,1278
6.06667,1281
6.07500,1283
6.08333,1285
6.09167,1287
6.10000,1288
6.10833,1290
6.11667,1292
6.12500,1294
6.13333,1295
6.14167,1297
6.15000,1299
6.15833,1301
6.16667,1302
6.17500,1304
6.18333,1306
6.19167,1308
6.20000,1310
6.20833,1312
6.21667,1314
6.22500,1316
6.23333,1318
6.24167,1321
6.25000,1323
6.25833,1325
6.26667,1327
6.27500,1329
6.28333,1331
6.29167,1333
6.30000,1335
6.30833,1337
6.31667,1339
6.32500,1341
6.33333,1344
6.34167,1346
6.35000,1348
6.35833,1350
6.36667,1352
6.37500,1355
6.38333,1357
6.39167,1359
6.40000,1362
6.40833,1364
6.41667,1367
6.42500,1369
6.43333,1372
6.44167,1374
6.45000,1377
6.45833,1379
6.46667,1382
6.47500,1385
6.48333,1388
6.49167,1391
6.50000,1393
6.50833,1396
6.51667,1399
6.52500,1402
6.53333,1404
6.54167,1407
6.55000,1410
6.55833,1413
6.56667,1416
6.57500,1420
6.58333,1423
6.59167,1426
6.60000,1429
6.60833,1432
6.61667,1436
6.62500,1439
6.63333,1443
6.64167,1446
6.65000,1449
6.65833,1453
6.66667,1456
6.67500,1459
6.68333,1463
6.69167,1467
6.70000,1470
6.70833,1474
6.71667,1477
6.72500,1481
6.73333,1485
6.74167,1489
6.75000,1492
6.75833,1495
6.76667,1499
6.77500,1503
6.78333,1507
6.79167,1511
6.80000,1515
6.80833,1518
6.81667,1522
6.82500,1526
6.83333,1530
6.84167,1534
6.85000,1538
6.85833,1542
6.86667,1546
6.87500,1550
6.88333,1554
6.89167,1558
6.90000,1561
6.90833,1565
6.91667,1570
6.92500,1574
6.93333,1579
6.94167,1583
6.95000,1587
6.95833,1591
6.96667,1595
6.97500,1599
6.98333,1603
6.99167,1607
7.00000,1611
7.00833,1616
7.01667,1620
7.02500,1624
7.03333,1629
7.04167,1632
7.05000,1636
7.05833,1640
7.06667,1644
7.07500,1648
7.08333,1652
7.09167,1656
7.10000,1660
7.10833,1664
7.11667,1669
7.12500,1673
7.13333,1677
7.14167,1681
7.15000,1685
7.15833,1689
7.16667,1693
7.17500,1697
7.18333,1701
7.19167,1705
7.20000,1709
7.20833,1713
7.21667,1716
7.22500,1720
7.23333,1724
7.24167,1728
7.25000,1732
7.25833,1736
7.26667,1740
7.27500,1744
7.28333,1748
7.29167,1751
7.30000,1755
7.30833,1759
7.31667,1763
7.32500,1767
7.33333,1771
7.34167,1775
7.35000,1779
7.35833,1782
7.36667,1786
7.37500,1790
7.38333,1794
7.39167,1798
7.40000,1802
7.40833,1805
7.41667,1809
7.42500,1813
7.43333,1816
7.44167,1819
7.45000,1823
7.45833,1826
7.46667,1830
7.47500,1833
7.48333,1837
7.49167,1840
7.50000,1844
7.50833,1848
7.51667,1851
7.52500,1855
7.53333,1858
7.54167,1861
7.55000,1864
7.55833,1868
7.56667,1870
7.57500,1873
7.58333,1876
7.59167,1879
7.60000,1882
7.60833,1886
7.61667,1888
7.62500,1891
7.63333,1894
7.64167,1897
7.65000,1900
7.65833,1903
7.66667,1906
7.67500,1909
7.68333,1912
7.69167,1915
7.70000,1917
7.70833,1920
7.71667,1922
7.72500,1925
7.73333,1927
7.74167,1930
7.75000,1933
7.75833,1935
7.76667,1938
7.77500,1940
7.78333,1943
7.79167,1945
7.80000,1948
7.80833,1950
7.81667,1953
7.82500,1955
7.83333,1958
7.84167,1960
7.85000,1962
7.85833,1965
7.86667,1967
7.87500,1969
7.88333,1971
7.89167,1973
7.90000,1975
7.90833,1978
7.91667,1980
7.92500,1982
7.93333,1983
7.94167,1986
7.95000,1988
7.95833,1990
7.96667,1992
7.97500,1994
7.98333,1995
7.99167,1997
8.00000,1999
8.00833,2001
8.01667,2003
8.02500,2004
8.03333,2006
8.04167,2008
8.05000,2010
8.05833,2012
8.06667,2014
8.07500,2016
8.08333,2018
8.09167,2020
8.10000,2021
8.10833,2023
8.11667,2024
8.12500,2026
8.13333,2027
8.14167,2028
8.15000,2030
8.15833,2032
8.16667,2034
8.17500,2035
8.18333,2037
8.19167,2039
8.20000,2040
8.20833,2041
8.21667,2043
8.22500,2045
8.23333,2046
8.24167,2048
8.25000,2050
8.25833,2052
8.26667,2053
8.27500,2055
8.28333,2056
8.29167,2058
8.30000,2059
8.30833,2061
8.31667,2062
8.32500,2064
8.33333,2065
8.34167,2067
8.35000,2069
8.35833,2071
8.36667,2072
8.37500,2074
8.38333,2075
8.39167,2077
8.40000,2079
8.40833,2080
8.41667,2082
8.42500,2084
8.43333,2086
8.44167,2088
8.45000,2089
8.45833,2091
8.46667,2093
8.47500,2095
8.48333,2096
8.49167,2098
8.50000,2100
8.50833,2101
8.51667,2103
8.52500,2104
8.53333,2106
8.54167,2108
8.55000,2110
8.55833,2111
8.56667,2113
8.57500,2115
8.58333,2116
8.59167,2118
8.60000,2120
8.60833,2121
8.61667,2123
8.62500,2125
8.63333,2126
8.64167,2128
8.65000,2129
8.65833,2131
8.66667,2132
8.67500,2134
8.68333,2136
8.69167,2137
8.70000,2139
8.70833,2141
8.71667,2142
8.72500,2144
8.73333,2145
8.74167,2146
8.75000,2148
8.75833,2149
8.76667,2151
8.77500,2152
8.78333,2154
8.79167,2155
8.80000,2157
8.80833,2159
8.81667,2161
8.82500,2163
8.83333,2164
8.84167,2166
8.85000,2167
8.85833,2169
8.86667,2171
8.87500,2172
8.88333,2174
8.89167,2175
8.90000,2177
8.90833,2178
8.91667,2180
8.92500,2181
8.93333,2182
8.94167,2184
8.95000,2186
8.95833,2187
8.96667,2189
8.97500,2190
8.98333,2192
8.99167,2194
9.00000,2195
9.00833,2197
9.01667,2199
9.02500,2200
9.03333,2202
9.04167,2203
9.05000,2205
9.05833,2206
9.06667,2208
9.07500,2209
9.08333,2211
9.09167,2213
9.10000,2214
9.10833,2215
9.11667,2217
9.12500,2218
9.13333,2220
9.14167,2221
9.15000,2223
9.15833,2224
9.16667,2226
9.17500,2227
9.18333,2228
9.19167,2229
9.20000,2230
9.20833,2231
9.21667,2232
9.22500,2234
9.23333,2235
9.24167,2236
9.25000,2237
9.25833,2238
9.26667,2240
9.27500,2241
9.28333,2242
9.29167,2243
9.30000,2244
9.30833,2245
9.31667,2246
9.32500,2247
9.33333,2248
9.34167,2249
9.35000,2250
9.35833,2251
9.36667,2252
9.37500,2253
9.38333,2254
9.39167,2254
9.40000,2255
9.40833,2256
9.41667,2257
9.42500,2258
9.43333,2259
9.44167,2260
9.45000,2261
9.45833,2262
9.46667,2263
9.47500,2265
9.48333,2266
9.49167,2267
9.50000,2268
9.50833,2269
9.51667,2270
9.52500,2271
9.53333,2272
9.54167,2273
9.55000,2274
9.55833,2275
9.56667,2276
9.57500,2277
9.58333,2278
9.59167,2279
9.60000,2280
9.60833,2281
9.61667,2281
9.62500,2282
9.63333,2283
9.64167,2284
9.65000,2285
9.65833,2286
9.66667,2286
9.67500,2287
9.68333,2288
9.69167,2289
9.70000,2290
9.70833,2291
9.71667,2292
9.72500,2293
9.73333,2294
9.74167,2295
9.75000,2295
9.75833,2296
9.76667,2297
9.77500,2298
9.78333,2299
9.79167,2300
9.80000,2301
9.80833,2302
9.81667,2303
9.82500,2304
9.83333,2305
9.84167,2306
9.85000,2307
9.85833,2308
9.86667,2309
9.87500,2310
9.88333,2311
9.89167,2312
9.90000,2313
9.90833,2314
9.91667,2315
9.92500,2316
9.93333,2318
9.94167,2319
9.95000,2320
9.95833,2322
9.96667,2323
9.97500,2324
9.98333,2325
9.99167,2327
10.00000,2328
10.00833,2329
10.01667,2330
10.02500,2331
10.03333,2332
10.04167,2334
10.05000,2335
10.05833,2336
10.06667,2338
10.07500,2339
10.08333,2340
10.09167,2341
10.10000,2342
10.10833,2344
10.11667,2345
10.12500,2346
10.13333,2347
10.14167,2348
10.15000,2349
10.15833,2350
10.16667,2351
10.17500,2352
10.18333,2353
10.19167,2354
10.20000,2355
10.20833,2356
10.21667,2357
10.22500,2357
10.23333,2358
10.24167,2359
10.25000,2359
10.25833,2360
10.26667,2360
10.27500,2361
10.28333,2361
10.29167,2362
10.30000,2363
10.30833,2363
10.31667,2363
10.32500,2364
10.33333,2365
10.34167,2365
10.35000,2366
10.35833,2366
10.36667,2367
10.37500,2368
10.38333,2368
10.39167,2369
10.40000,2370
10.40833,2371
10.41667,2372
10.42500,2374
10.43333,2375
10.44167,2377
10.45000,2379
10.45833,2381
10.46667,2384
10.47500,2388
10.48333,2393
10.49167,2399
10.50000,2407
10.50833,2418
10.51667,2431
10.52500,2448
10.53333,2469
10.54167,2497
10.55000,2530
10.55833,2572
10.56667,2624
10.57500,2687
10.58333,2763
10.59167,2856
10.60000,2965
10.60833,3095
10.61667,3247
10.62500,3424
10.63333,3628
10.64167,3861
10.65000,4125
10.65833,4423
10.66667,4756
10.67500,5125
10.68333,5532
10.69167,5977
10.70000,6461
10.70833,6982
10.71667,7540
10.72500,8133
10.73333,8759
10.74167,9414
10.75000,10095
10.75833,10797
10.76667,11514
10.77500,12240
10.78333,12970
10.79167,13695
10.80000,14408
10.80833,15100
10.81667,15762
10.82500,16386
10.83333,16962
10.84167,17482
10.85000,17938
10.85833,18321
10.86667,18626
10.87500,18845
10.88333,18975
10.89167,19013
10.90000,18957
10.90833,18808
10.91667,18568
10.92500,18241
10.93333,17833
10.94167,17350
10.95000,16802
10.95833,16197
10.96667,15545
10.97500,14858
10.98333,14146
10.99167,13418
11.00000,12685
11.00833,11956
11.01667,11239
11.02500,10541
11.03333,9868
11.04167,9226
11.05000,8616
11.05833,8044
11.06667,7509
11.07500,7013
11.08333,6556
11.09167,6137
11.10000,5755
11.10833,5410
11.11667,5098
11.12500,4818
11.13333,4568
11.14167,4345
11.15000,4148
11.15833,3974
11.16667,3821
11.17500,3686
11.18333,3569
11.19167,3467
11.20000,3379
11.20833,3304
11.21667,3240
11.22500,3185
11.23333,3139
11.24167,3100
11.25000,3068
11.25833,3042
11.26667,3021
11.27500,3005
11.28333,2993
11.29167,2984
11.30000,2978
11.30833,2974
11.31667,2972
11.32500,2972
11.33333,2973
11.34167,2975
11.35000,2979
11.35833,2983
11.36667,2988
11.37500,2993
11.38333,2999
11.39167,3005
11.40000,3012
11.40833,3018
11.41667,3025
11.42500,3031
11.43333,3037
11.44167,3044
11.45000,3049
11.45833,3055
11.46667,3060
11.47500,3065
11.48333,3070
11.49167,3074
11.50000,3078
11.50833,3082
11.51667,3086
11.52500,3090
11.53333,3093
11.54167,3096
11.55000,3098
11.55833,3100
11.56667,3102
11.57500,3103
11.58333,3104
11.59167,3104
11.60000,3104
11.60833,3104
11.61667,3103
11.62500,3102
11.63333,3101
11.64167,3099
11.65000,3097
11.65833,3094
11.66667,3091
11.67500,3088
11.68333,3084
11.69167,3081
11.70000,3077
11.70833,3073
11.71667,3068
11.72500,3064
11.73333,3058
11.74167,3053
11.75000,3047
11.75833,3041
11.76667,3035
11.77500,3028
11.78333,3021
11.79167,3014
11.80000,3007
11.80833,3000
11.81667,2992
11.82500,2984
11.83333,2976
11.84167,2968
11.85000,2960
11.85833,2951
11.86667,2943
11.87500,2934
11.88333,2925
11.89167,2916
11.90000,2908
11.90833,2899
11.91667,2890
11.92500,2880
11.93333,2871
11.94167,2862
11.95000,2852
11.95833,2843
11.96667,2834
11.97500,2825
11.98333,2816
11.99167,2807
12.00000,2798
12.00833,2789
12.01667,2781
12.02500,2773
12.03333,2764
12.04167,2756
12.05000,2748
12.05833,2740
12.06667,2732
12.07500,2723
12.08333,2715
12.09167,2707
12.10000,2699
12.10833,2692
12.11667,2684
12.12500,2677
12.13333,2670
12.14167,2663
12.15000,2656
12.15833,2649
12.16667,2642
12.17500,2635
12.18333,2629
12.19167,2623
12.20000,2616
12.20833,2611
12.21667,2605
12.22500,2599
12.23333,2593
12.24167,2588
12.25000,2583
12.25833,2578
12.26667,2573
12.27500,2569
12.28333,2564
12.29167,2560
12.30000,2556
12.30833,2552
12.31667,2548
12.32500,2543
12.33333,2540
12.34167,2536
12.35000,2532
12.35833,2529
12.36667,2526
12.37500,2524
12.38333,2521
12.39167,2518
12.40000,2515
12.40833,2513
12.41667,2510
12.42500,2508
12.43333,2507
12.44167,2505
12.45000,2503
12.45833,2501
12.46667,2500
12.47500,2499
12.48333,2497
12.49167,2496
12.50000,2495
12.50833,2494
12.51667,2493
12.52500,2492
12.53333,2492
12.54167,2491
12.55000,2491
12.55833,2491
12.56667,2491
12.57500,2491
12.58333,2491
12.59167,2492
12.60000,2493
12.60833,2495
12.61667,2497
12.62500,2500
12.63333,2504
12.64167,2510
12.65000,2517
12.65833,2525
12.66667,2535
12.67500,2546
12.68333,2560
12.69167,2577
12.70000,2597
12.70833,2620
12.71667,2647
12.72500,2679
12.73333,2715
12.74167,2756
12.75000,2802
12.75833,2853
12.76667,2911
12.77500,2974
12.78333,3044
12.79167,3121
12.80000,3204
12.80833,3294
12.81667,3390
12.82500,3494
12.83333,3604
12.84167,3722
12.85000,3846
12.85833,3977
12.86667,4115
12.87500,4259
12.88333,4409
12.89167,4566
12.90000,4729
12.90833,4897
12.91667,5072
12.92500,5252
12.93333,5438
12.94167,5628
12.95000,5824
12.95833,6024
12.96667,6229
12.97500,6438
12.98333,6652
12.99167,6870
13.00000,7092
13.00833,7318
13.01667,7547
13.02500,7780
13.03333,8017
13.04167,8257
13.05000,8500
13.05833,8747
13.06667,8997
13.07500,9251
13.08333,9507
13.09167,9766
13.10000,10028
13.10833,10293
13.11667,10560
13.12500,10830
13.13333,11103
13.14167,11379
13.15000,11657
13.15833,11938
13.16667,12221
13.17500,12507
13.18333,12795
13.19167,13085
13.20000,13378
13.20833,13674
13.21667,13972
13.22500,14273
13.23333,14576
13.24167,14881
13.25000,15188
13.25833,15498
13.26667,15810
13.27500,16124
13.28333,16441
13.29167,16761
13.30000,17083
13.30833,17407
13.31667,17734
13.32500,18063
13.33333,18394
13.34167,18728
13.35000,19064
13.35833,19403
13.36667,19744
13.37500,20088
13.38333,20434
13.39167,20782
13.40000,21133
13.40833,21487
13.41667,21843
13.42500,22202
13.43333,22563
13.44167,22927
13.45000,23293
13.45833,23662
13.46667,24033
13.47500,24407
13.48333,24784
13.49167,25164
13.50000,25546
13.50833,25931
13.51667,26319
13.52500,26710
13.53333,27103
13.54167,27500
13.55000,27899
13.55833,28301
13.56667,28705
13.57500,29112
13.58333,29523
13.59167,29936
13.60000,30353
13.60833,30772
13.61667,31194
13.62500,31619
13.63333,32047
13.64167,32479
13.65000,32913
13.65833,33351
13.66667,33791
13.67500,34235
13.68333,34682
13.69167,35131
13.70000,35585
13.70833,36041
13.71667,36501
13.72500,36964
13.73333,37430
13.74167,37899
13.75000,38372
13.75833,38849
13.76667,39329
13.77500,39813
13.78333,40300
13.79167,40790
13.80000,41284
13.80833,41781
13.81667,42282
13.82500,42786
13.83333,43294
13.84167,43805
13.85000,44320
13.85833,44839
13.86667,45361
13.87500,45886
13.88333,46414
13.89167,46944
13.90000,47474
13.90833,48001
13.91667,48523
13.92500,49031
13.93333,49518
13.94167,49969
13.95000,50368
13.95833,50694
13.96667,50922
13.97500,51026
13.98333,50976
13.99167,50745
14.00000,50307
14.00833,49643
14.01667,48737
14.02500,47584
14.03333,46187
14.04167,44559
14.05000,42724
14.05833,40712
14.06667,38560
14.07500,36312
14.08333,34011
14.09167,31702
14.10000,29427
14.10833,27226
14.11667,25131
14.12500,23169
14.13333,21362
14.14167,19723
14.15000,18261
14.15833,16978
14.16667,15871
14.17500,14934
14.18333,14158
14.19167,13531
14.20000,13041
14.20833,12674
14.21667,12414
14.22500,12248
14.23333,12161
14.24167,12138
14.25000,12168
14.25833,12236
14.26667,12331
14.27500,12442
14.28333,12559
14.29167,12673
14.30000,12776
14.30833,12861
14.31667,12924
14.32500,12959
14.33333,12962
14.34167,12932
14.35000,12866
14.35833,12765
14.36667,12629
14.37500,12458
14.38333,12255
14.39167,12022
14.40000,11761
14.40833,11476
14.41667,11169
14.42500,10845
14.43333,10506
14.44167,10158
14.45000,9802
14.45833,9443
14.46667,9082
14.47500,8724
14.48333,8370
14.49167,8023
14.50000,7684
14.50833,7356
14.51667,7040
14.52500,6737
14.53333,6448
14.54167,6173
14.55000,5913
14.55833,5668
14.56667,5438
14.57500,5222
14.58333,5021
14.59167,4835
14.60000,4662
14.60833,4501
14.61667,4353
14.62500,4216
14.63333,4090
14.64167,3975
14.65000,3869
14.65833,3773
14.66667,3684
14.67500,3603
14.68333,3529
14.69167,3461
14.70000,3400
14.70833,3345
14.71667,3294
14.72500,3248
14.73333,3207
14.74167,3169
14.75000,3134
14.75833,3102
14.76667,3074
14.77500,3048
14.78333,3024
14.79167,3003
14.80000,2984
14.80833,2966
14.81667,2950
14.82500,2936
14.83333,2922
14.84167,2910
14.85000,2899
14.85833,2889
14.86667,2880
14.87500,2872
14.88333,2865
14.89167,2859
14.90000,2853
14.90833,2848
14.91667,2844
14.92500,2841
14.93333,2838
14.94167,2835
14.95000,2833
14.95833,2832
14.96667,2832
14.97500,2832
14.98333,2832
14.99167,2833
15.00000,2835
15.00833,2837
15.01667,2839
15.02500,2842
15.03333,2845
15.04167,2848
15.05000,2852
15.05833,2856
15.06667,2861
15.07500,2865
15.08333,2870
15.09167,2876
15.10000,2882
15.10833,2889
15.11667,2896
15.12500,2905
15.13333,2914
15.14167,2925
15.15000,2938
15.15833,2953
15.16667,2970
15.17500,2990
15.18333,3014
15.19167,3042
15.20000,3075
15.20833,3115
15.21667,3163
15.22500,3219
15.23333,3287
15.24167,3367
15.25000,3461
15.25833,3573
15.26667,3703
15.27500,3855
15.28333,4032
15.29167,4237
15.30000,4473
15.30833,4742
15.31667,5050
15.32500,5399
15.33333,5793
15.34167,6236
15.35000,6731
15.35833,7281
15.36667,7891
15.37500,8562
15.38333,9297
15.39167,10098
15.40000,10968
15.40833,11906
15.41667,12913
15.42500,13989
15.43333,15131
15.44167,16339
15.45000,17609
15.45833,18937
15.46667,20319
15.47500,21748
15.48333,23219
15.49167,24725
15.50000,26257
15.50833,27807
15.51667,29365
15.52500,30922
15.53333,32467
15.54167,33990
15.55000,35481
15.55833,36930
15.56667,38325
15.57500,39658
15.58333,40918
15.59167,42097
15.60000,43187
15.60833,44180
15.61667,45069
15.62500,45848
15.63333,46512
15.64167,47058
15.65000,47483
15.65833,47786
15.66667,47965
15.67500,48022
15.68333,47957
15.69167,47774
15.70000,47475
15.70833,47064
15.71667,46548
15.72500,45930
15.73333,45218
15.74167,44419
15.75000,43538
15.75833,42584
15.76667,41564
15.77500,40487
15.78333,39358
15.79167,38188
15.80000,36983
15.80833,35750
15.81667,34498
15.82500,33232
15.83333,31959
15.84167,30686
15.85000,29418
15.85833,28162
15.86667,26920
15.87500,25700
15.88333,24504
15.89167,23336
15.90000,22198
15.90833,21095
15.91667,20027
15.92500,18996
15.93333,18005
15.94167,17054
15.95000,16143
15.95833,15275
15.96667,14448
15.97500,13662
15.98333,12917
15.99167,12212
16.00000,11547
16.00833,10920
16.01667,10330
16.02500,9777
16.03333,9259
16.04167,8774
16.05000,8321
16.05833,7898
16.06667,7506
16.07500,7141
16.08333,6802
16.09167,6487
16.10000,6196
16.10833,5927
16.11667,5678
16.12500,5448
16.13333,5237
16.14167,5042
16.15000,4863
16.15833,4698
16.16667,4546
16.17500,4407
16.18333,4279
16.19167,4162
16.20000,4054
16.20833,3955
16.21667,3865
16.22500,3782
16.23333,3707
16.24167,3638
16.25000,3575
16.25833,3516
16.26667,3462
16.27500,3413
16.28333,3368
16.29167,3327
16.30000,3289
16.30833,3254
16.31667,3223
16.32500,3193
16.33333,3167
16.34167,3142
16.35000,3119
16.35833,3097
16.36667,3077
16.37500,3059
16.38333,3043
16.39167,3027
16.40000,3013
16.40833,3000
16.41667,2988
16.42500,2977
16.43333,2967
16.44167,2957
16.45000,2948
16.45833,2939
16.46667,2931
16.47500,2924
16.48333,2917
16.49167,2911
16.50000,2904
16.50833,2898
16.51667,2893
16.52500,2888
16.53333,2883
16.54167,2878
16.55000,2874
16.55833,2870
16.56667,2866
16.57500,2863
16.58333,2859
16.59167,2856
16.60000,2853
16.60833,2850
16.61667,2847
16.62500,2845
16.63333,2842
16.64167,2840
16.65000,2837
16.65833,2834
16.66667,2832
16.67500,2829
16.68333,2827
16.69167,2825
16.70000,2823
16.70833,2821
16.71667,2819
16.72500,2817
16.73333,2815
16.74167,2814
16.75000,2812
16.75833,2810
16.76667,2808
16.77500,2807
16.78333,2805
16.79167,2803
16.80000,2802
16.80833,2800
16.81667,2799
16.82500,2798
16.83333,2796
16.84167,2795
16.85000,2793
16.85833,2791
16.86667,2789
16.87500,2788
16.88333,2787
16.89167,2785
16.90000,2784
16.90833,2783
16.91667,2781
16.92500,2780
16.93333,2779
16.94167,2777
16.95000,2776
16.95833,2775
16.96667,2773
16.97500,2772
16.98333,2771
16.99167,2769
17.00000,2768
17.00833,2767
17.01667,2765
17.02500,2764
17.03333,2763
17.04167,2761
17.05000,2760
17.05833,2758
17.06667,2757
17.07500,2756
17.08333,2754
17.09167,2753
17.10000,2752
17.10833,2751
17.11667,2750
17.12500,2749
17.13333,2747
17.14167,2746
17.15000,2744
17.15833,2743
17.16667,2742
17.17500,2741
17.18333,2739
17.19167,2738
17.20000,2736
17.20833,2735
17.21667,2734
17.22500,2733
17.23333,2731
17.24167,2730
17.25000,2728
17.25833,2726
17.26667,2725
17.27500,2723
17.28333,2722
17.29167,2721
17.30000,2720
17.30833,2719
17.31667,2718
17.32500,2716
17.33333,2715
17.34167,2714
17.35000,2712
17.35833,2711
17.36667,2710
17.37500,2708
17.38333,2707
17.39167,2706
17.40000,2705
17.40833,2704
17.41667,2703
17.42500,2702
17.43333,2701
17.44167,2699
17.45000,2698
17.45833,2697
17.46667,2696
17.47500,2696
17.48333,2695
17.49167,2694
17.50000,2694
17.50833,2693
17.51667,2692
17.52500,2691
17.53333,2691
17.54167,2690
17.55000,2689
17.55833,2688
17.56667,2688
17.57500,2688
17.58333,2687
17.59167,2687
17.60000,2687
17.60833,2686
17.61667,2686
17.62500,2685
17.63333,2685
17.64167,2685
17.65000,2685
17.65833,2685
17.66667,2685
17.67500,2684
17.68333,2684
17.69167,2684
17.70000,2684
17.70833,2684
17.71667,2684
17.72500,2684
17.73333,2684
17.74167,2684
17.75000,2684
17.75833,2684
17.76667,2683
17.77500,2683
17.78333,2682
17.79167,2682
17.80000,2682
17.80833,2681
17.81667,2681
17.82500,2681
17.83333,2680
17.84167,2680
17.85000,2679
17.85833,2678
17.86667,2678
17.87500,2677
17.88333,2677
17.89167,2676
17.90000,2676
17.90833,2676
17.91667,2675
17.92500,2674
17.93333,2674
17.94167,2674
17.95000,2673
17.95833,2672
17.96667,2671
17.97500,2671
17.98333,2671
17.99167,2670
18.00000,2670
18.00833,2670
18.01667,2670
18.02500,2669
18.03333,2669
18.04167,2668
18.05000,2668
18.05833,2667
18.06667,2667
18.07500,2667
18.08333,2668
18.09167,2668
18.10000,2668
18.10833,2668
18.11667,2668
18.12500,2668
18.13333,2668
18.14167,2669
18.15000,2668
18.15833,2668
18.16667,2668
18.17500,2668
18.18333,2668
18.19167,2668
18.20000,2668
18.20833,2668
18.21667,2668
18.22500,2669
18.23333,2669
18.24167,2669
18.25000,2669
18.25833,2669
18.26667,2669
18.27500,2669
18.28333,2669
18.29167,2669
18.30000,2669
18.30833,2669
18.31667,2669
18.32500,2669
18.33333,2670
18.34167,2670
18.35000,2670
18.35833,2670
18.36667,2670
18.37500,2670
18.38333,2670
18.39167,2670
18.40000,2670
18.40833,2670
18.41667,2670
18.42500,2670
18.43333,2670
18.44167,2670
18.45000,2670
18.45833,2669
18.46667,2669
18.47500,2669
18.48333,2669
18.49167,2669
18.50000,2668
18.50833,2668
18.51667,2668
18.52500,2668
18.53333,2669
18.54167,2669
18.55000,2668
18.55833,2668
18.56667,2668
18.57500,2668
18.58333,2668
18.59167,2668
18.60000,2668
18.60833,2667
18.61667,2668
18.62500,2667
18.63333,2667
18.64167,2667
18.65000,2668
18.65833,2668
18.66667,2668
18.67500,2668
18.68333,2668
18.69167,2669
18.70000,2670
18.70833,2671
18.71667,2672
18.72500,2672
18.73333,2673
18.74167,2674
18.75000,2676
18.75833,2677
18.76667,2679
18.77500,2680
18.78333,2682
18.79167,2684
18.80000,2686
18.80833,2688
18.81667,2691
18.82500,2693
18.83333,2696
18.84167,2699
18.85000,2702
18.85833,2706
18.86667,2709
18.87500,2713
18.88333,2716
18.89167,2720
18.90000,2724
18.90833,2727
18.91667,2731
18.92500,2735
18.93333,2739
18.94167,2743
18.95000,2747
18.95833,2751
18.96667,2754
18.97500,2757
18.98333,2760
18.99167,2764
19.00000,2767
19.00833,2769
19.01667,2771
19.02500,2773
19.03333,2774
19.04167,2776
19.05000,2777
19.05833,2778
19.06667,2779
19.07500,2779
19.08333,2779
19.09167,2779
19.10000,2778
19.10833,2776
19.11667,2775
19.12500,2773
19.13333,2771
19.14167,2768
19.15000,2766
19.15833,2763
19.16667,2760
19.17500,2757
19.18333,2753
19.19167,2749
19.20000,2745
19.20833,2742
19.21667,2738
19.22500,2734
19.23333,2730
19.24167,2726
19.25000,2722
19.25833,2717
19.26667,2713
19.27500,2709
19.28333,2706
19.29167,2702
19.30000,2698
19.30833,2695
19.31667,2691
19.32500,2687
19.33333,2683
19.34167,2679
19.35000,2676
19.35833,2673
19.36667,2670
19.37500,2667
19.38333,2665
19.39167,2663
19.40000,2660
19.40833,2658
19.41667,2656
19.42500,2653
19.43333,2651
19.44167,2649
19.45000,2647
19.45833,2645
19.46667,2644
19.47500,2643
19.48333,2642
19.49167,2641
19.50000,2640
19.50833,2639
19.51667,2638
19.52500,2637
19.53333,2636
19.54167,2635
19.55000,2634
19.55833,2633
19.56667,2633
19.57500,2632
19.58333,2632
19.59167,2632
19.60000,2632
19.60833,2632
19.61667,2631
19.62500,2631
19.63333,2631
19.64167,2631
19.65000,2631
19.65833,2631
19.66667,2631
19.67500,2631
19.68333,2631
19.69167,2632
19.70000,2632
19.70833,2633
19.71667,2633
19.72500,2634
19.73333,2634
19.74167,2634
19.75000,2635
19.75833,2635
19.76667,2635
19.77500,2636
19.78333,2636
19.79167,2637
19.80000,2637
19.80833,2637
19.81667,2637
19.82500,2638
19.83333,2638
19.84167,2639
19.85000,2640
19.85833,2640
19.86667,2641
19.87500,2642
19.88333,2643
19.89167,2643
19.90000,2643
19.90833,2643
19.91667,2643
19.92500,2643
19.93333,2644
19.94167,2644
19.95000,2644
19.95833,2644
19.96667,2645
19.97500,2645
19.98333,2645
19.99167,2645
20.00000,2645
20.00833,2646
20.01667,2646
20.02500,2646
20.03333,2646
20.04167,2646
20.05000,2646
20.05833,2647
20.06667,2647
20.07500,2647
20.08333,2647
20.09167,2647
20.10000,2647
20.10833,2647
20.11667,2647
20.12500,2647
20.13333,2647
20.14167,2646
20.15000,2646
20.15833,2645
20.16667,2645
20.17500,2645
20.18333,2645
20.19167,2645
20.20000,2644
20.20833,2644
20.21667,2644
20.22500,2644
20.23333,2644
20.24167,2643
20.25000,2642
20.25833,2642
20.26667,2642
20.27500,2642
20.28333,2641
20.29167,2641
20.30000,2641
20.30833,2640
20.31667,2640
20.32500,2640
20.33333,2640
20.34167,2639
20.35000,2639
20.35833,2638
20.36667,2637
20.37500,2637
20.38333,2636
20.39167,2636
20.40000,2635
20.40833,2635
20.41667,2635
20.42500,2635
20.43333,2634
20.44167,2634
20.45000,2634
20.45833,2634
20.46667,2633
20.47500,2633
20.48333,2632
20.49167,2632
20.50000,2632
20.50833,2632
20.51667,2631
20.52500,2631
20.53333,2630
20.54167,2630
20.55000,2629
20.55833,2629
20.56667,2628
20.57500,2628
20.58333,2628
20.59167,2627
20.60000,2627
20.60833,2627
20.61667,2627
20.62500,2626
20.63333,2626
20.64167,2625
20.65000,2625
20.65833,2625
20.66667,2625
20.67500,2624
20.68333,2623
20.69167,2623
20.70000,2622
20.70833,2622
20.71667,2622
20.72500,2621
20.73333,2621
20.74167,2621
20.75000,2620
20.75833,2620
20.76667,2619
20.77500,2619
20.78333,2618
20.79167,2618
20.80000,2618
20.80833,2618
20.81667,2618
20.82500,2617
20.83333,2617
20.84167,2617
20.85000,2617
20.85833,2617
20.86667,2617
20.87500,2616
20.88333,2616
20.89167,2616
20.90000,2616
20.90833,2616
20.91667,2616
20.92500,2616
20.93333,2616
20.94167,2616
20.95000,2616
20.95833,2616
20.96667,2616
20.97500,2616
20.98333,2616
20.99167,2616
21.00000,2615
21.00833,2616
21.01667,2616
21.02500,2616
21.03333,2616
21.04167,2617
21.05000,2617
21.05833,2617
21.06667,2617
21.07500,2618
21.08333,2619
21.09167,2619
21.10000,2619
21.10833,2619
21.11667,2619
21.12500,2620
21.13333,2620
21.14167,2621
21.15000,2621
21.15833,2622
21.16667,2622
21.17500,2623
21.18333,2623
21.19167,2624
21.20000,2624
21.20833,2625
21.21667,2625
21.22500,2626
21.23333,2626
21.24167,2626
21.25000,2627
21.25833,2628
21.26667,2629
21.27500,2629
21.28333,2630
21.29167,2630
21.30000,2631
21.30833,2631
21.31667,2632
21.32500,2632
21.33333,2632
21.34167,2633
21.35000,2634
21.35833,2634
21.36667,2635
21.37500,2635
21.38333,2635
21.39167,2635
21.40000,2636
21.40833,2636
21.41667,2636
21.42500,2637
21.43333,2637
21.44167,2638
21.45000,2638
21.45833,2638
21.46667,2638
21.47500,2638
21.48333,2638
21.49167,2638
21.50000,2639
21.50833,2639
21.51667,2639
21.52500,2639
21.53333,2639
21.54167,2639
21.55000,2639
21.55833,2639
21.56667,2639
21.57500,2639
21.58333,2639
21.59167,2639
21.60000,2639
21.60833,2639
21.61667,2639
21.62500,2639
21.63333,2639
21.64167,2639
21.65000,2639
21.65833,2639
21.66667,2639
21.67500,2639
21.68333,2639
21.69167,2639
21.70000,2639
21.70833,2638
21.71667,2638
21.72500,2638
21.73333,2638
21.74167,2638
21.75000,2638
21.75833,2638
21.76667,2638
21.77500,2638
21.78333,2637
21.79167,2638
21.80000,2638
21.80833,2638
21.81667,2638
21.82500,2638
21.83333,2638
21.84167,2638
21.85000,2638
21.85833,2639
21.86667,2639
21.87500,2639
21.88333,2639
21.89167,2639
21.90000,2639
21.90833,2639
21.91667,2639
21.92500,2639
21.93333,2639
21.94167,2639
21.95000,2639
21.95833,2639
21.96667,2640
21.97500,2640
21.98333,2640
21.99167,2640
22.00000,2640
22.00833,2640
22.01667,2641
22.02500,2641
22.03333,2641
22.04167,2641
22.05000,2641
22.05833,2641
22.06667,2641
22.07500,2641
22.08333,2642
22.09167,2642
22.10000,2642
22.10833,2642
22.11667,2642
22.12500,2642
22.13333,2642
22.14167,2641
22.15000,2642
22.15833,2642
22.16667,2641
22.17500,2641
22.18333,2641
22.19167,2641
22.20000,2640
22.20833,2640
22.21667,2640
22.22500,2641
22.23333,2640
22.24167,2640
22.25000,2640
22.25833,2640
22.26667,2639
22.27500,2639
22.28333,2639
22.29167,2639
22.30000,2638
22.30833,2638
22.31667,2637
22.32500,2636
22.33333,2636
22.34167,2635
22.35000,2635
22.35833,2635
22.36667,2635
22.37500,2635
22.38333,2635
22.39167,2634
22.40000,2634
22.40833,2633
22.41667,2633
22.42500,2633
22.43333,2633
22.44167,2633
22.45000,2633
22.45833,2633
22.46667,2632
22.47500,2632
22.48333,2632
22.49167,2633
22.50000,2633
22.50833,2633
22.51667,2633
22.52500,2632
22.53333,2632
22.54167,2632
22.55000,2632
22.55833,2632
22.56667,2632
22.57500,2633
22.58333,2633
22.59167,2633
22.60000,2634
22.60833,2634
22.61667,2635
22.62500,2635
22.63333,2636
22.64167,2636
22.65000,2637
22.65833,2637
22.66667,2638
22.67500,2638
22.68333,2639
22.69167,2640
22.70000,2640
22.70833,2641
22.71667,2642
22.72500,2643
22.73333,2643
22.74167,2644
22.75000,2645
22.75833,2646
22.76667,2647
22.77500,2648
22.78333,2649
22.79167,2650
22.80000,2650
22.80833,2651
22.81667,2652
22.82500,2653
22.83333,2654
22.84167,2655
22.85000,2656
22.85833,2657
22.86667,2658
22.87500,2659
22.88333,2660
22.89167,2660
22.90000,2661
22.90833,2661
22.91667,2661
22.92500,2661
22.93333,2661
22.94167,2661
22.95000,2661
22.95833,2662
22.96667,2662
22.97500,2662
22.98333,2662
22.99167,2662
23.00000,2662
23.00833,2661
23.01667,2661
23.02500,2661
23.03333,2661
23.04167,2660
23.05000,2660
23.05833,2660
23.06667,2660
23.07500,2659
23.08333,2659
23.09167,2658
23.10000,2658
23.10833,2657
23.11667,2657
23.12500,2656
23.13333,2655
23.14167,2655
23.15000,2654
23.15833,2654
23.16667,2653
23.17500,2653
23.18333,2652
23.19167,2652
23.20000,2652
23.20833,2652
23.21667,2652
23.22500,2652
23.23333,2651
23.24167,2651
23.25000,2651
23.25833,2650
23.26667,2650
23.27500,2650
23.28333,2650
23.29167,2649
23.30000,2650
23.30833,2650
23.31667,2650
23.32500,2650
23.33333,2650
23.34167,2650
23.35000,2650
23.35833,2650
23.36667,2650
23.37500,2650
23.38333,2650
23.39167,2650
23.40000,2650
23.40833,2649
23.41667,2649
23.42500,2649
23.43333,2649
23.44167,2649
23.45000,2649
23.45833,2649
23.46667,2650
23.47500,2650
23.48333,2650
23.49167,2650
23.50000,2650
23.50833,2650
23.51667,2650
23.52500,2650
23.53333,2650
23.54167,2650
23.55000,2650
23.55833,2650
23.56667,2650
23.57500,2650
23.58333,2649
23.59167,2649
23.60000,2649
23.60833,2649
23.61667,2649
23.62500,2649
23.63333,2648
23.64167,2648
23.65000,2648
23.65833,2648
23.66667,2648
23.67500,2648
23.68333,2647
23.69167,2647
23.70000,2647
23.70833,2647
23.71667,2647
23.72500,2647
23.73333,2646
23.74167,2646
23.75000,2646
23.75833,2646
23.76667,2646
23.77500,2646
23.78333,2645
23.79167,2645
23.80000,2645
23.80833,2645
23.81667,2645
23.82500,2645
23.83333,2645
23.84167,2645
23.85000,2645
23.85833,2645
23.86667,2644
23.87500,2645
23.88333,2644
23.89167,2644
23.90000,2644
23.90833,2644
23.91667,2643
23.92500,2643
23.93333,2643
23.94167,2642
23.95000,2642
23.95833,2643
23.96667,2643
23.97500,2643
23.98333,2643
23.99167,2643
24.00000,2643
24.00833,2643
24.01667,2643
24.02500,2643
24.03333,2643
24.04167,2643
24.05000,2643
24.05833,2643
24.06667,2643
24.07500,2643
24.08333,2643
24.09167,2643
24.10000,2644
24.10833,2644
24.11667,2644
24.12500,2644
24.13333,2644
24.14167,2644
24.15000,2644
24.15833,2644
24.16667,2644
24.17500,2644
24.18333,2643
24.19167,2643
24.20000,2643
24.20833,2643
24.21667,2643
24.22500,2643
24.23333,2643
24.24167,2644
24.25000,2644
24.25833,2644
24.26667,2644
24.27500,2644
24.28333,2644
24.29167,2644
24.30000,2644
24.30833,2645
24.31667,2645
24.32500,2644
24.33333,2645
24.34167,2645
24.35000,2645
24.35833,2645
24.36667,2645
24.37500,2646
24.38333,2646
24.39167,2647
24.40000,2647
24.40833,2647
24.41667,2647
24.42500,2647
24.43333,2647
24.44167,2647
24.45000,2648
24.45833,2648
24.46667,2648
24.47500,2648
24.48333,2648
24.49167,2648
24.50000,2649
24.50833,2650
24.51667,2650
24.52500,2651
24.53333,2652
24.54167,2653
24.55000,2654
24.55833,2654
24.56667,2655
24.57500,2655
24.58333,2656
24.59167,2657
24.60000,2658
24.60833,2659
24.61667,2660
24.62500,2661
24.63333,2662
24.64167,2663
24.65000,2664
24.65833,2665
24.66667,2667
24.67500,2668
24.68333,2670
24.69167,2672
24.70000,2674
24.70833,2676
24.71667,2679
24.72500,2681
24.73333,2683
24.74167,2685
24.75000,2688
24.75833,2690
24.76667,2692
24.77500,2695
24.78333,2698
24.79167,2701
24.80000,2703
24.80833,2706
24.81667,2709
24.82500,2712
24.83333,2714
24.84167,2718
24.85000,2721
24.85833,2724
24.86667,2726
24.87500,2729
24.88333,2731
24.89167,2734
24.90000,2737
24.90833,2739
24.91667,2742
24.92500,2744
24.93333,2747
24.94167,2749
24.95000,2751
24.95833,2752
24.96667,2753
24.97500,2755
24.98333,2756
24.99167,2757
25.00000,2758
25.00833,2758
25.01667,2759
25.02500,2759
25.03333,2759
25.04167,2759
25.05000,2759
25.05833,2758
25.06667,2758
25.07500,2757
25.08333,2755
25.09167,2754
25.10000,2753
25.10833,2751
25.11667,2750
25.12500,2749
25.13333,2747
25.14167,2745
25.15000,2743
25.15833,2741
25.16667,2738
25.17500,2736
25.18333,2733
25.19167,2731
25.20000,2728
25.20833,2726
25.21667,2724
25.22500,2721
25.23333,2719
25.24167,2717
25.25000,2715
25.25833,2712
25.26667,2710
25.27500,2707
25.28333,2705
25.29167,2703
25.30000,2701
25.30833,2699
25.31667,2697
25.32500,2695
25.33333,2693
25.34167,2691
25.35000,2689
25.35833,2687
25.36667,2685
25.37500,2683
25.38333,2682
25.39167,2680
25.40000,2679
25.40833,2678
25.41667,2677
25.42500,2676
25.43333,2674
25.44167,2673
25.45000,2672
25.45833,2671
25.46667,2670
25.47500,2670
25.48333,2669
25.49167,2668
25.50000,2667
25.50833,2666
25.51667,2665
25.52500,2664
25.53333,2664
25.54167,2663
25.55000,2662
25.55833,2661
25.56667,2661
25.57500,2660
25.58333,2660
25.59167,2660
25.60000,2659
25.60833,2659
25.61667,2659
25.62500,2658
25.63333,2658
25.64167,2657
25.65000,2657
25.65833,2656
25.66667,2656
25.67500,2656
25.68333,2655
25.69167,2655
25.70000,2655
25.70833,2655
25.71667,2654
25.72500,2654
25.73333,2654
25.74167,2653
25.75000,2653
25.75833,2653
25.76667,2653
25.77500,2653
25.78333,2652
25.79167,2652
25.80000,2652
25.80833,2652
25.81667,2652
25.82500,2652
25.83333,2652
25.84167,2652
25.85000,2651
25.85833,2651
25.86667,2651
25.87500,2651
25.88333,2652
25.89167,2652
25.90000,2651
25.90833,2651
25.91667,2651
25.92500,2651
25.93333,2652
25.94167,2652
25.95000,2652
25.95833,2652
25.96667,2651
25.97500,2651
25.98333,2651
25.99167,2651
26.00000,2651
26.00833,2651
26.01667,2651
26.02500,2650
26.03333,2650
26.04167,2650
26.05000,2651
26.05833,2651
26.06667,2650
26.07500,2650
26.08333,2650
26.09167,2650
26.10000,2650
26.10833,2650
26.11667,2651
26.12500,2650
26.13333,2650
26.14167,2650
26.15000,2650
26.15833,2650
26.16667,2650
26.17500,2650
26.18333,2650
26.19167,2650
26.20000,2650
26.20833,2650
26.21667,2650
26.22500,2650
26.23333,2649
26.24167,2649
26.25000,2649
26.25833,2649
26.26667,2649
26.27500,2649
26.28333,2649
26.29167,2649
26.30000,2649
26.30833,2649
26.31667,2650
26.32500,2649
26.33333,2649
26.34167,2649
26.35000,2649
26.35833,2648
26.36667,2648
26.37500,2648
26.38333,2648
26.39167,2648
26.40000,2647
26.40833,2647
26.41667,2648
26.42500,2648
26.43333,2648
26.44167,2648
26.45000,2648
26.45833,2648
26.46667,2648
26.47500,2648
26.48333,2649
26.49167,2649
26.50000,2650
26.50833,2650
26.51667,2650
26.52500,2650
26.53333,2650
26.54167,2651
26.55000,2651
26.55833,2651
26.56667,2652
26.57500,2652
26.58333,2653
26.59167,2653
26.60000,2654
26.60833,2654
26.61667,2654
26.62500,2655
26.63333,2655
26.64167,2655
26.65000,2655
26.65833,2655
26.66667,2656
26.67500,2656
26.68333,2656
26.69167,2657
26.70000,2657
26.70833,2658
26.71667,2659
26.72500,2659
26.73333,2659
26.74167,2660
26.75000,2660
26.75833,2660
26.76667,2660
26.77500,2661
26.78333,2661
26.79167,2661
26.80000,2662
26.80833,2662
26.81667,2662
26.82500,2663
26.83333,2663
26.84167,2664
26.85000,2664
26.85833,2664
26.86667,2665
26.87500,2665
26.88333,2666
26.89167,2666
26.90000,2666
26.90833,2666
26.91667,2666
26.92500,2666
26.93333,2666
26.94167,2667
26.95000,2667
26.95833,2667
26.96667,2667
26.97500,2667
26.98333,2667
26.99167,2667
27.00000,2667
27.00833,2667
27.01667,2667
27.02500,2667
27.03333,2667
27.04167,2667
27.05000,2667
27.05833,2667
27.06667,2667
27.07500,2667
27.08333,2667
27.09167,2667
27.10000,2667
27.10833,2666
27.11667,2666
27.12500,2666
27.13333,2666
27.14167,2665
27.15000,2665
27.15833,2665
27.16667,2665
27.17500,2664
27.18333,2664
27.19167,2664
27.20000,2665
27.20833,2665
27.21667,2665
27.22500,2665
27.23333,2665
27.24167,2666
27.25000,2666
27.25833,2666
27.26667,2666
27.27500,2666
27.28333,2666
27.29167,2666
27.30000,2666
27.30833,2666
27.31667,2666
27.32500,2666
27.33333,2666
27.34167,2666
27.35000,2666
27.35833,2666
27.36667,2666
27.37500,2666
27.38333,2666
27.39167,2666
27.40000,2666
27.40833,2666
27.41667,2666
27.42500,2667
27.43333,2667
27.44167,2667
27.45000,2667
27.45833,2668
27.46667,2667
27.47500,2667
27.48333,2668
27.49167,2668
27.50000,2668
27.50833,2668
27.51667,2668
27.52500,2669
27.53333,2669
27.54167,2669
27.55000,2669
27.55833,2669
27.56667,2669
27.57500,2669
27.58333,2669
27.59167,2669
27.60000,2669
27.60833,2669
27.61667,2669
27.62500,2669
27.63333,2669
27.64167,2668
27.65000,2668
27.65833,2668
27.66667,2667
27.67500,2667
27.68333,2667
27.69167,2667
27.70000,2667
27.70833,2667
27.71667,2666
27.72500,2666
27.73333,2666
27.74167,2665
27.75000,2665
27.75833,2665
27.76667,2664
27.77500,2664
27.78333,2663
27.79167,2662
27.80000,2661
27.80833,2660
27.81667,2659
27.82500,2658
27.83333,2657
27.84167,2656
27.85000,2655
27.85833,2654
27.86667,2653
27.87500,2652
27.88333,2650
27.89167,2649
27.90000,2647
27.90833,2645
27.91667,2643
27.92500,2641
27.93333,2639
27.94167,2637
27.95000,2635
27.95833,2632
27.96667,2630
27.97500,2628
27.98333,2625
27.99167,2623
28.00000,2620
28.00833,2618
28.01667,2615
28.02500,2612
28.03333,2609
28.04167,2606
28.05000,2603
28.05833,2599
28.06667,2596
28.07500,2592
28.08333,2589
28.09167,2585
28.10000,2581
28.10833,2578
28.11667,2574
28.12500,2570
28.13333,2566
28.14167,2563
28.15000,2559
28.15833,2556
28.16667,2552
28.17500,2549
28.18333,2545
28.19167,2541
28.20000,2538
28.20833,2535
28.21667,2531
28.22500,2528
28.23333,2525
28.24167,2522
28.25000,2519
28.25833,2517
28.26667,2514
28.27500,2512
28.28333,2510
28.29167,2508
28.30000,2506
28.30833,2505
28.31667,2503
28.32500,2502
28.33333,2502
28.34167,2501
28.35000,2500
28.35833,2500
28.36667,2499
28.37500,2499
28.38333,2500
28.39167,2500
28.40000,2501
28.40833,2502
28.41667,2503
28.42500,2504
28.43333,2505
28.44167,2506
28.45000,2508
28.45833,2509
28.46667,2511
28.47500,2513
28.48333,2516
28.49167,2518
28.50000,2520
28.50833,2523
28.51667,2525
28.52500,2528
28.53333,2531
28.54167,2533
28.55000,2537
28.55833,2539
28.56667,2542
28.57500,2545
28.58333,2548
28.59167,2551
28.60000,2554
28.60833,2557
28.61667,2561
28.62500,2564
28.63333,2567
28.64167,2570
28.65000,2573
28.65833,2576
28.66667,2579
28.67500,2582
28.68333,2584
28.69167,2587
28.70000,2589
28.70833,2592
28.71667,2594
28.72500,2597
28.73333,2599
28.74167,2601
28.75000,2603
28.75833,2605
28.76667,2607
28.77500,2609
28.78333,2611
28.79167,2612
28.80000,2614
28.80833,2615
28.81667,2616
28.82500,2617
28.83333,2618
28.84167,2619
28.85000,2620
28.85833,2621
28.86667,2622
28.87500,2624
28.88333,2625
28.89167,2626
28.90000,2627
28.90833,2627
28.91667,2628
28.92500,2628
28.93333,2629
28.94167,2629
28.95000,2629
28.95833,2630
28.96667,2630
28.97500,2630
28.98333,2630
28.99167,2630
29.00000,2631
29.00833,2631
29.01667,2632
29.02500,2633
29.03333,2633
29.04167,2633
29.05000,2633
29.05833,2633
29.06667,2634
29.07500,2634
29.08333,2635
29.09167,2635
29.10000,2635
29.10833,2635
29.11667,2635
29.12500,2636
29.13333,2636
29.14167,2637
29.15000,2637
29.15833,2638
29.16667,2638
29.17500,2639
29.18333,2639
29.19167,2640
29.20000,2641
29.20833,2641
29.21667,2642
29.22500,2642
29.23333,2642
29.24167,2642
29.25000,2643
29.25833,2643
29.26667,2643
29.27500,2644
29.28333,2644
29.29167,2644
29.30000,2645
29.30833,2645
29.31667,2646
29.32500,2646
29.33333,2647
29.34167,2647
29.35000,2647
29.35833,2648
29.36667,2648
29.37500,2648
29.38333,2648
29.39167,2648
29.40000,2649
29.40833,2649
29.41667,2649
29.42500,2649
29.43333,2649
29.44167,2649
29.45000,2649
29.45833,2649
29.46667,2649
29.47500,2649
29.48333,2650
29.49167,2650
29.50000,2650
29.50833,2650
29.51667,2650
29.52500,2650
29.53333,2650
29.54167,2650
29.55000,2650
29.55833,2650
29.56667,2649
29.57500,2649
29.58333,2649
29.59167,2648
29.60000,2647
29.60833,2646
29.61667,2646
29.62500,2645
29.63333,2644
29.64167,2644
29.65000,2643
29.65833,2643
29.66667,2642
29.67500,2641
29.68333,2640
29.69167,2639
29.70000,2638
29.70833,2637
29.71667,2636
29.72500,2636
29.73333,2634
29.74167,2633
29.75000,2632
29.75833,2631
29.76667,2629
29.77500,2628
29.78333,2627
29.79167,2625
29.80000,2624
29.80833,2622
29.81667,2621
29.82500,2619
29.83333,2618
29.84167,2617
29.85000,2615
29.85833,2614
29.86667,2613
29.87500,2612
29.88333,2610
29.89167,2609
29.90000,2608
29.90833,2606
29.91667,2605
29.92500,2603
29.93333,2602
29.94167,2600
29.95000,2599
29.95833,2598
29.96667,2596
29.97500,2595
29.98333,2594
29.99167,2593
30.00000,2592
30.00833,2591
30.01667,2591
30.02500,2590
30.03333,2590
30.04167,2589
30.05000,2588
30.05833,2588
30.06667,2588
30.07500,2587
30.08333,2587
30.09167,2586
30.10000,2586
30.10833,2586
30.11667,2586
30.12500,2586
30.13333,2587
30.14167,2587
30.15000,2587
30.15833,2587
30.16667,2588
30.17500,2589
30.18333,2589
30.19167,2590
30.20000,2590
30.20833,2591
30.21667,2592
30.22500,2593
30.23333,2593
30.24167,2594
30.25000,2595
30.25833,2596
30.26667,2597
30.27500,2598
30.28333,2599
30.29167,2600
30.30000,2601
30.30833,2602
30.31667,2604
30.32500,2605
30.33333,2607
30.34167,2608
30.35000,2610
30.35833,2611
30.36667,2612
30.37500,2612
30.38333,2614
30.39167,2615
30.40000,2616
30.40833,2618
30.41667,2619
30.42500,2620
30.43333,2621
30.44167,2623
30.45000,2624
30.45833,2625
30.46667,2626
30.47500,2627
30.48333,2628
30.49167,2629
30.50000,2630
30.50833,2631
30.51667,2632
30.52500,2633
30.53333,2633
30.54167,2634
30.55000,2634
30.55833,2635
30.56667,2636
30.57500,2637
30.58333,2638
30.59167,2639
30.60000,2640
30.60833,2640
30.61667,2641
30.62500,2641
30.63333,2641
30.64167,2642
30.65000,2642
30.65833,2642
30.66667,2642
30.67500,2642
30.68333,2642
30.69167,2642
30.70000,2643
30.70833,2643
30.71667,2643
30.72500,2644
30.73333,2644
30.74167,2644
30.75000,2644
30.75833,2645
30.76667,2645
30.77500,2645
30.78333,2644
30.79167,2644
30.80000,2644
30.80833,2644
30.81667,2644
30.82500,2644
30.83333,2644
30.84167,2644
30.85000,2644
30.85833,2644
30.86667,2643
30.87500,2643
30.88333,2643
30.89167,2643
30.90000,2643
30.90833,2643
30.91667,2643
30.92500,2643
30.93333,2643
30.94167,2643
30.95000,2643
30.95833,2644
30.96667,2644
30.97500,2644
30.98333,2644
30.99167,2644
31.00000,2645
31.00833,2646
31.01667,2646
31.02500,2646
31.03333,2647
31.04167,2647
31.05000,2647
31.05833,2647
31.06667,2647
31.07500,2647
31.08333,2648
31.09167,2649
31.10000,2649
31.10833,2649
31.11667,2650
31.12500,2650
31.13333,2651
31.14167,2652
31.15000,2652
31.15833,2653
31.16667,2654
31.17500,2654
31.18333,2655
31.19167,2656
31.20000,2657
31.20833,2657
31.21667,2658
31.22500,2659
31.23333,2659
31.24167,2660
31.25000,2660
31.25833,2661
31.26667,2662
31.27500,2662
31.28333,2663
31.29167,2664
31.30000,2665
31.30833,2665
31.31667,2666
31.32500,2667
31.33333,2667
31.34167,2668
31.35000,2668
31.35833,2669
31.36667,2669
31.37500,2670
31.38333,2670
31.39167,2670
31.40000,2671
31.40833,2671
31.41667,2671
31.42500,2672
31.43333,2672
31.44167,2673
31.45000,2673
31.45833,2673
31.46667,2673
31.47500,2673
31.48333,2674
31.49167,2674
31.50000,2674
31.50833,2674
31.51667,2674
31.52500,2675
31.53333,2675
31.54167,2676
31.55000,2676
31.55833,2676
31.56667,2677
31.57500,2677
31.58333,2676
31.59167,2677
31.60000,2677
31.60833,2677
31.61667,2677
31.62500,2677
31.63333,2676
31.64167,2676
31.65000,2676
31.65833,2675
31.66667,2675
31.67500,2675
31.68333,2674
31.69167,2674
31.70000,2674
31.70833,2673
31.71667,2673
31.72500,2672
31.73333,2672
31.74167,2672
31.75000,2672
31.75833,2671
31.76667,2671
31.77500,2671
31.78333,2670
31.79167,2670
31.80000,2670
31.80833,2670
31.81667,2669
31.82500,2669
31.83333,2669
31.84167,2668
31.85000,2668
31.85833,2668
31.86667,2667
31.87500,2667
31.88333,2666
31.89167,2666
31.90000,2666
31.90833,2665
31.91667,2665
31.92500,2664
31.93333,2664
31.94167,2664
31.95000,2663
31.95833,2663
31.96667,2662
31.97500,2662
31.98333,2661
31.99167,2660
32.00000,2660
32.00833,2659
32.01667,2659
32.02500,2659
32.03333,2659
32.04167,2660
32.05000,2660
32.05833,2660
32.06667,2660
32.07500,2660
32.08333,2660
32.09167,2660
32.10000,2660
32.10833,2659
32.11667,2659
32.12500,2659
32.13333,2659
32.14167,2658
32.15000,2658
32.15833,2658
32.16667,2658
32.17500,2658
32.18333,2658
32.19167,2657
32.20000,2657
32.20833,2657
32.21667,2657
32.22500,2657
32.23333,2657
32.24167,2657
32.25000,2657
32.25833,2657
32.26667,2658
32.27500,2658
32.28333,2658
32.29167,2658
32.30000,2658
32.30833,2658
32.31667,2658
32.32500,2658
32.33333,2658
32.34167,2658
32.35000,2658
32.35833,2657
32.36667,2657
32.37500,2657
32.38333,2657
32.39167,2657
32.40000,2657
32.40833,2657
32.41667,2657
32.42500,2656
32.43333,2656
32.44167,2656
32.45000,2656
32.45833,2656
32.46667,2657
32.47500,2657
32.48333,2657
32.49167,2657
32.50000,2657
32.50833,2657
32.51667,2657
32.52500,2657
32.53333,2656
32.54167,2656
32.55000,2656
32.55833,2656
32.56667,2656
32.57500,2656
32.58333,2656
32.59167,2656
32.60000,2657
32.60833,2657
32.61667,2657
32.62500,2657
32.63333,2657
32.64167,2657
32.65000,2657
32.65833,2657
32.66667,2658
32.67500,2658
32.68333,2658
32.69167,2658
32.70000,2658
32.70833,2659
32.71667,2659
32.72500,2659
32.73333,2658
32.74167,2659
32.75000,2659
32.75833,2659
32.76667,2659
32.77500,2659
32.78333,2659
32.79167,2660
32.80000,2660
32.80833,2661
32.81667,2661
32.82500,2661
32.83333,2662
32.84167,2662
32.85000,2663
32.85833,2663
32.86667,2663
32.87500,2663
32.88333,2663
32.89167,2663
32.90000,2664
32.90833,2664
32.91667,2665
32.92500,2665
32.93333,2665
32.94167,2665
32.95000,2666
32.95833,2666
32.96667,2666
32.97500,2667
32.98333,2667
32.99167,2668
33.00000,2668
33.00833,2669
33.01667,2668
33.02500,2668
33.03333,2669
33.04167,2669
33.05000,2670
33.05833,2671
33.06667,2671
33.07500,2672
33.08333,2672
33.09167,2672
33.10000,2673
33.10833,2673
33.11667,2674
33.12500,2674
33.13333,2674
33.14167,2675
33.15000,2675
33.15833,2676
33.16667,2676
33.17500,2677
33.18333,2677
33.19167,2677
33.20000,2677
33.20833,2677
33.21667,2677
33.22500,2678
33.23333,2678
33.24167,2679
33.25000,2679
33.25833,2680
33.26667,2681
33.27500,2681
33.28333,2681
33.29167,2681
33.30000,2682
33.30833,2682
33.31667,2683
33.32500,2683
33.33333,2683
33.34167,2683
33.35000,2683
33.35833,2683
33.36667,2683
33.37500,2683
33.38333,2683
33.39167,2683
33.40000,2683
33.40833,2683
33.41667,2683
33.42500,2683
33.43333,2683
33.44167,2683
33.45000,2683
33.45833,2682
33.46667,2682
33.47500,2682
33.48333,2681
33.49167,2681
33.50000,2681
33.50833,2681
33.51667,2681
33.52500,2680
33.53333,2680
33.54167,2680
33.55000,2679
33.55833,2679
33.56667,2678
33.57500,2678
33.58333,2677
33.59167,2677
33.60000,2676
33.60833,2675
33.61667,2674
33.62500,2673
33.63333,2673
33.64167,2672
33.65000,2672
33.65833,2671
33.66667,2670
33.67500,2670
33.68333,2669
33.69167,2668
33.70000,2667
33.70833,2667
33.71667,2666
33.72500,2665
33.73333,2665
33.74167,2664
33.75000,2664
33.75833,2663
33.76667,2663
33.77500,2662
33.78333,2662
33.79167,2661
33.80000,2660
33.80833,2659
33.81667,2659
33.82500,2658
33.83333,2657
33.84167,2656
33.85000,2656
33.85833,2655
33.86667,2654
33.87500,2654
33.88333,2653
33.89167,2653
33.90000,2652
33.90833,2652
33.91667,2651
33.92500,2651
33.93333,2650
33.94167,2649
33.95000,2649
33.95833,2648
33.96667,2648
33.97500,2648
33.98333,2648
33.99167,2648
34.00000,2648
34.00833,2648
34.01667,2647
34.02500,2647
34.03333,2647
34.04167,2646
34.05000,2646
34.05833,2646
34.06667,2646
34.07500,2646
34.08333,2646
34.09167,2647
34.10000,2647
34.10833,2647
34.11667,2648
34.12500,2648
34.13333,2648
34.14167,2648
34.15000,2648
34.15833,2648
34.16667,2648
34.17500,2648
34.18333,2649
34.19167,2649
34.20000,2649
34.20833,2650
34.21667,2650
34.22500,2651
34.23333,2651
34.24167,2652
34.25000,2652
34.25833,2653
34.26667,2654
34.27500,2654
34.28333,2654
34.29167,2654
34.30000,2655
34.30833,2655
34.31667,2656
34.32500,2656
34.33333,2657
34.34167,2658
34.35000,2658
34.35833,2659
34.36667,2660
34.37500,2660
34.38333,2661
34.39167,2661
34.40000,2661
34.40833,2662
34.41667,2662
34.42500,2662
34.43333,2663
34.44167,2664
34.45000,2664
34.45833,2665
34.46667,2665
34.47500,2665
34.48333,2665
34.49167,2666
34.50000,2667
34.50833,2667
34.51667,2668
34.52500,2668
34.53333,2669
34.54167,2670
34.55000,2670
34.55833,2670
34.56667,2670
34.57500,2671
34.58333,2671
34.59167,2670
34.60000,2670
34.60833,2670
34.61667,2671
34.62500,2671
34.63333,2671
34.64167,2671
34.65000,2671
34.65833,2671
34.66667,2671
34.67500,2672
34.68333,2672
34.69167,2672
34.70000,2673
34.70833,2673
34.71667,2673
34.72500,2674
34.73333,2674
34.74167,2674
34.75000,2674
34.75833,2674
34.76667,2674
34.77500,2674
34.78333,2674
34.79167,2674
34.80000,2674
34.80833,2674
34.81667,2675
34.82500,2675
34.83333,2675
34.84167,2675
34.85000,2675
34.85833,2675
34.86667,2676
34.87500,2676
34.88333,2676
34.89167,2676
34.90000,2676
34.90833,2676
34.91667,2675
34.92500,2675
34.93333,2675
34.94167,2675
34.95000,2675
34.95833,2675
34.96667,2675
34.97500,2675
34.98333,2675
34.99167,2675
35.00000,2675
35.00833,2674
35.01667,2673
35.02500,2672
35.03333,2671
35.04167,2671
35.05000,2671
35.05833,2670
35.06667,2670
35.07500,2670
35.08333,2669
35.09167,2669
35.10000,2669
35.10833,2668
35.11667,2668
35.12500,2667
35.13333,2667
35.14167,2667
35.15000,2666
35.15833,2666
35.16667,2665
35.17500,2664
35.18333,2663
35.19167,2662
35.20000,2661
35.20833,2661
35.21667,2660
35.22500,2659
35.23333,2658
35.24167,2658
35.25000,2657
35.25833,2656
35.26667,2655
35.27500,2655
35.28333,2654
35.29167,2653
35.30000,2652
35.30833,2652
35.31667,2651
35.32500,2651
35.33333,2651
35.34167,2650
35.35000,2650
35.35833,2650
35.36667,2649
35.37500,2649
35.38333,2648
35.39167,2648
35.40000,2647
35.40833,2647
35.41667,2647
35.42500,2647
35.43333,2646
35.44167,2646
35.45000,2646
35.45833,2646
35.46667,2646
35.47500,2646
35.48333,2646
35.49167,2646
35.50000,2647
35.50833,2647
35.51667,2647
35.52500,2647
35.53333,2648
35.54167,2648
35.55000,2649
35.55833,2649
35.56667,2649
35.57500,2650
35.58333,2650
35.59167,2650
35.60000,2651
35.60833,2651
35.61667,2651
35.62500,2652
35.63333,2653
35.64167,2654
35.65000,2654
35.65833,2655
35.66667,2656
35.67500,2656
35.68333,2657
35.69167,2657
35.70000,2657
35.70833,2657
35.71667,2658
35.72500,2658
35.73333,2659
35.74167,2660
35.75000,2661
35.75833,2661
35.76667,2662
35.77500,2663
35.78333,2664
35.79167,2664
35.80000,2664
35.80833,2665
35.81667,2665
35.82500,2665
35.83333,2666
35.84167,2666
35.85000,2667
35.85833,2668
35.86667,2668
35.87500,2669
35.88333,2669
35.89167,2669
35.90000,2670
35.90833,2670
35.91667,2671
35.92500,2672
35.93333,2673
35.94167,2673
35.95000,2674
35.95833,2674
35.96667,2675
35.97500,2675
35.98333,2676
35.99167,2676
36.00000,2677
36.00833,2677
36.01667,2677
36.02500,2677
36.03333,2677
36.04167,2677
36.05000,2677
36.05833,2678
36.06667,2678
36.07500,2678
36.08333,2678
36.09167,2678
36.10000,2679
36.10833,2679
36.11667,2679
36.12500,2679
36.13333,2679
36.14167,2679
36.15000,2679
36.15833,2679
36.16667,2679
36.17500,2679
36.18333,2679
36.19167,2679
36.20000,2679
36.20833,2678
36.21667,2678
36.22500,2678
36.23333,2678
36.24167,2678
36.25000,2678
36.25833,2678
36.26667,2678
36.27500,2678
36.28333,2678
36.29167,2678
36.30000,2678
36.30833,2678
36.31667,2678
36.32500,2677
36.33333,2677
36.34167,2677
36.35000,2677
36.35833,2676
36.36667,2676
36.37500,2676
36.38333,2676
36.39167,2676
36.40000,2676
36.40833,2676
36.41667,2675
36.42500,2675
36.43333,2675
36.44167,2675
36.45000,2675
36.45833,2674
36.46667,2674
36.47500,2674
36.48333,2673
36.49167,2673
36.50000,2673
36.50833,2673
36.51667,2673
36.52500,2672
36.53333,2672
36.54167,2672
36.55000,2671
36.55833,2670
36.56667,2670
36.57500,2670
36.58333,2670
36.59167,2670
36.60000,2670
36.60833,2671
36.61667,2671
36.62500,2671
36.63333,2672
36.64167,2671
36.65000,2671
36.65833,2671
36.66667,2671
36.67500,2670
36.68333,2670
36.69167,2670
36.70000,2670
36.70833,2669
36.71667,2669
36.72500,2669
36.73333,2669
36.74167,2669
36.75000,2669
36.75833,2669
36.76667,2669
36.77500,2668
36.78333,2668
36.79167,2668
36.80000,2667
36.80833,2667
36.81667,2667
36.82500,2667
36.83333,2666
36.84167,2666
36.85000,2666
36.85833,2666
36.86667,2666
36.87500,2666
36.88333,2666
36.89167,2666
36.90000,2666
36.90833,2666
36.91667,2666
36.92500,2665
36.93333,2665
36.94167,2664
36.95000,2664
36.95833,2664
36.96667,2663
36.97500,2663
36.98333,2663
36.99167,2663
37.00000,2663
37.00833,2663
37.01667,2663
37.02500,2663
37.03333,2662
37.04167,2662
37.05000,2662
37.05833,2662
37.06667,2662
37.07500,2662
37.08333,2662
37.09167,2662
37.10000,2662
37.10833,2662
37.11667,2662
37.12500,2662
37.13333,2661
37.14167,2661
37.15000,2661
37.15833,2661
37.16667,2661
37.17500,2660
37.18333,2660
37.19167,2660
37.20000,2660
37.20833,2660
37.21667,2660
37.22500,2660
37.23333,2660
37.24167,2660
37.25000,2660
37.25833,2660
37.26667,2660
37.27500,2660
37.28333,2659
37.29167,2659
37.30000,2659
37.30833,2659
37.31667,2660
37.32500,2660
37.33333,2660
37.34167,2660
37.35000,2660
37.35833,2659
37.36667,2659
37.37500,2659
37.38333,2659
37.39167,2659
37.40000,2659
37.40833,2659
37.41667,2659
37.42500,2659
37.43333,2659
37.44167,2659
37.45000,2659
37.45833,2659
37.46667,2658
37.47500,2658
37.48333,2658
37.49167,2658
37.50000,2657
37.50833,2657
37.51667,2656
37.52500,2656
37.53333,2656
37.54167,2656
37.55000,2656
37.55833,2656
37.56667,2656
37.57500,2656
37.58333,2656
37.59167,2656
37.60000,2656
37.60833,2656
37.61667,2656
37.62500,2656
37.63333,2657
37.64167,2657
37.65000,2657
37.65833,2657
37.66667,2658
37.67500,2658
37.68333,2658
37.69167,2658
37.70000,2658
37.70833,2659
37.71667,2659
37.72500,2660
37.73333,2660
37.74167,2660
37.75000,2660
37.75833,2661
37.76667,2662
37.77500,2662
37.78333,2662
37.79167,2663
37.80000,2663
37.80833,2663
37.81667,2664
37.82500,2664
37.83333,2665
37.84167,2665
37.85000,2665
37.85833,2666
37.86667,2667
37.87500,2667
37.88333,2668
37.89167,2668
37.90000,2669
37.90833,2669
37.91667,2670
37.92500,2671
37.93333,2672
37.94167,2672
37.95000,2673
37.95833,2673
37.96667,2674
37.97500,2674
37.98333,2675
37.99167,2676
38.00000,2676
38.00833,2677
38.01667,2678
38.02500,2679
38.03333,2679
38.04167,2680
38.05000,2680
38.05833,2680
38.06667,2681
38.07500,2681
38.08333,2681
38.09167,2682
38.10000,2683
38.10833,2683
38.11667,2684
38.12500,2684
38.13333,2684
38.14167,2684
38.15000,2685
38.15833,2685
38.16667,2685
38.17500,2686
38.18333,2686
38.19167,2686
38.20000,2686
38.20833,2686
38.21667,2686
38.22500,2686
38.23333,2686
38.24167,2686
38.25000,2686
38.25833,2686
38.26667,2686
38.27500,2686
38.28333,2686
38.29167,2686
38.30000,2685
38.30833,2685
38.31667,2685
38.32500,2685
38.33333,2685
38.34167,2684
38.35000,2684
38.35833,2684
38.36667,2683
38.37500,2683
38.38333,2683
38.39167,2682
38.40000,2682
38.40833,2682
38.41667,2681
38.42500,2681
38.43333,2680
38.44167,2680
38.45000,2680
38.45833,2679
38.46667,2678
38.47500,2677
38.48333,2677
38.49167,2676
38.50000,2676
38.50833,2675
38.51667,2675
38.52500,2675
38.53333,2674
38.54167,2674
38.55000,2673
38.55833,2673
38.56667,2672
38.57500,2672
38.58333,2671
38.59167,2671
38.60000,2670
38.60833,2670
38.61667,2669
38.62500,2669
38.63333,2668
38.64167,2668
38.65000,2667
38.65833,2667
38.66667,2666
38.67500,2666
38.68333,2665
38.69167,2665
38.70000,2665
38.70833,2664
38.71667,2664
38.72500,2664
38.73333,2663
38.74167,2663
38.75000,2663
38.75833,2662
38.76667,2662
38.77500,2662
38.78333,2661
38.79167,2661
38.80000,2661
38.80833,2661
38.81667,2661
38.82500,2661
38.83333,2661
38.84167,2661
38.85000,2661
38.85833,2661
38.86667,2661
38.87500,2661
38.88333,2661
38.89167,2661
38.90000,2661
38.90833,2661
38.91667,2660
38.92500,2660
38.93333,2660
38.94167,2661
38.95000,2661
38.95833,2661
38.96667,2661
38.97500,2661
38.98333,2662
38.99167,2662
39.00000,2662
39.00833,2662
39.01667,2662
39.02500,2663
39.03333,2663
39.04167,2663
39.05000,2663
39.05833,2663
39.06667,2663
39.07500,2663
39.08333,2663
39.09167,2664
39.10000,2664
39.10833,2664
39.11667,2665
39.12500,2665
39.13333,2666
39.14167,2666
39.15000,2666
39.15833,2666
39.16667,2666
39.17500,2667
39.18333,2667
39.19167,2667
39.20000,2667
39.20833,2667
39.21667,2667
39.22500,2667
39.23333,2667
39.24167,2667
39.25000,2667
39.25833,2667
39.26667,2667
39.27500,2667
39.28333,2668
39.29167,2668
39.30000,2667
39.30833,2667
39.31667,2668
39.32500,2668
39.33333,2668
39.34167,2668
39.35000,2668
39.35833,2668
39.36667,2668
39.37500,2668
39.38333,2668
39.39167,2668
39.40000,2668
39.40833,2667
39.41667,2667
39.42500,2667
39.43333,2666
39.44167,2666
39.45000,2666
39.45833,2665
39.46667,2665
39.47500,2665
39.48333,2665
39.49167,2665
39.50000,2665
39.50833,2665
39.51667,2665
39.52500,2665
39.53333,2664
39.54167,2664
39.55000,2664
39.55833,2665
39.56667,2664
39.57500,2664
39.58333,2664
39.59167,2664
39.60000,2663
39.60833,2663
39.61667,2664
39.62500,2665
39.63333,2665
39.64167,2665
39.65000,2665
39.65833,2664
39.66667,2664
39.67500,2664
39.68333,2664
39.69167,2665
39.70000,2665
39.70833,2666
39.71667,2665
39.72500,2665
39.73333,2665
39.74167,2665
39.75000,2665
39.75833,2666
39.76667,2666
39.77500,2667
39.78333,2667
39.79167,2667
39.80000,2667
39.80833,2667
39.81667,2667
39.82500,2668
39.83333,2668
39.84167,2668
39.85000,2668
39.85833,2669
39.86667,2670
39.87500,2670
39.88333,2670
39.89167,2671
39.90000,2671
39.90833,2672
39.91667,2672
39.92500,2672
39.93333,2672
39.94167,2672
39.95000,2672
39.95833,2673
39.96667,2673
39.97500,2673
39.98333,2673
39.99167,2674
40.00000,2674

