[Header]
Application Name,LabSolutions
Version,5.97 SP1
Data File Name,C:\Users\cremerlab\Desktop\griffin\2021-04-06_REL606_DM_glucose_turnover\2021-04-06_REL606_DM_glucose_turnover_462021_002_016.lcd
Output Date,4/7/2021
Output Time,5:22:43 AM

[File Information]
Type,Data File
Generated,4/7/2021 4:42:23 AM
Generated by,System Administrator
Modified,4/7/2021 5:22:43 AM
Modified by,System Administrator

[Sample Information]
Operator Name,System Administrator
Acquired,4/7/2021 4:42:42 AM
Sample Type,1:Standard
Level,2
Sample Name,2021-04-04_REL606_replicate_003_timepoint_002
Sample ID,002
ISTD Amount1,1
ISTD Amount2,1
ISTD Amount3,1
ISTD Amount4,1
ISTD Amount5,1
ISTD Amount6,1
ISTD Amount7,1
ISTD Amount8,1
ISTD Amount9,1
ISTD Amount10,1
ISTD Amount11,1
ISTD Amount12,1
ISTD Amount13,1
ISTD Amount14,1
ISTD Amount15,1
ISTD Amount16,1
ISTD Amount17,1
ISTD Amount18,1
ISTD Amount19,1
ISTD Amount20,1
ISTD Amount21,1
ISTD Amount22,1
ISTD Amount23,1
ISTD Amount24,1
ISTD Amount25,1
ISTD Amount26,1
ISTD Amount27,1
ISTD Amount28,1
ISTD Amount29,1
ISTD Amount30,1
ISTD Amount31,1
ISTD Amount32,1
Sample Amount,1
Dilution Factor,1
Vial#,20
Injection Volume,20

[Original Files]
Data File,C:\Users\cremerlab\Desktop\griffin\2021-04-06_REL606_DM_glucose_turnover\2021-04-06_REL606_DM_glucose_turnover_462021_002_016.lcd
Method File,C:\Users\cremerlab\Desktop\griffin\2.5mM_H2SO4_mobile_phase.lcm
Batch File,C:\Users\cremerlab\Desktop\griffin\2021-04-06_REL606_DM_glucose_turnover\2021-04-06_REL606_DM_glucose_turnover.lcb
Report Format File,c:\LabSolutions\System\DEFAULT.lsr

[File Description]


[Configuration]
Instrument Name,HPLC-PC-Instrument1
Instrument #,1
Line #,1
# of Detectors,2
Detector ID,Detector A,Detector B
Detector Name,Detector A,Detector B
# of Channels,1,1

[Peak Table(Detector A)]
# of Peaks,0

[Peak Table(Detector B)]
# of Peaks,6
Peak#,R.Time,I.Time,F.Time,Area,Height,A/H,Conc.,Mark,ID#,Name,k',Plate #,Plate Ht.,Tailing,Resolution,Sep.Factor,Area Ratio,Height Ratio,Conc. %,Norm Conc.
1,10.890,10.425,11.700,250612,14819,16.912,0.000,   ,,,0.000,9331,16.076,1.032,0.000,0.000,0,0,0.000,0.000
2,13.967,12.558,14.233,1817447,47471,38.286,0.000,   ,,,0.282,3078,48.739,0.000,4.220,0.000,0,0,0.000,0.000
3,14.340,14.233,14.975,174716,10186,17.152,0.000, V ,,,0.317,4347,34.507,0.000,0.398,1.121,0,0,0.000,0.000
4,15.680,14.975,17.600,1194260,47840,24.964,0.000, V ,,,0.440,9281,16.162,1.149,1.762,1.388,0,0,0.000,0.000
5,19.073,18.750,19.592,2363,104,22.736,0.000,   ,,,0.751,15467,9.698,1.181,5.367,1.708,0,0,0.000,0.000
6,25.034,24.608,25.550,3323,124,26.820,0.000,   ,,,1.299,18618,8.057,1.065,8.848,1.728,0,0,0.000,0.000

[LC Chromatogram(Detector B-Ch1)]
Interval(msec),500
# of Points,4801
Start Time(min),0.000
End Time(min),40.000
Intensity Units,mV
Intensity Multiplier,0.001
R.Time (min),Intensity
0.00000,9
0.00833,9
0.01667,5
0.02500,-0
0.03333,-0
0.04167,-0
0.05000,-0
0.05833,0
0.06667,0
0.07500,0
0.08333,0
0.09167,-0
0.10000,-0
0.10833,-1
0.11667,-1
0.12500,-1
0.13333,-1
0.14167,-1
0.15000,-2
0.15833,-1
0.16667,-1
0.17500,-1
0.18333,-2
0.19167,-2
0.20000,-3
0.20833,-3
0.21667,-3
0.22500,-3
0.23333,-3
0.24167,-3
0.25000,-4
0.25833,-4
0.26667,-4
0.27500,-4
0.28333,-4
0.29167,-5
0.30000,-5
0.30833,-5
0.31667,-5
0.32500,-5
0.33333,-5
0.34167,-5
0.35000,-5
0.35833,-5
0.36667,-6
0.37500,-6
0.38333,-7
0.39167,-7
0.40000,-7
0.40833,-7
0.41667,-7
0.42500,-7
0.43333,-7
0.44167,-7
0.45000,-7
0.45833,-7
0.46667,-7
0.47500,-7
0.48333,-7
0.49167,-7
0.50000,-7
0.50833,-7
0.51667,-7
0.52500,-7
0.53333,-8
0.54167,-8
0.55000,-7
0.55833,-7
0.56667,-7
0.57500,-7
0.58333,-7
0.59167,-7
0.60000,-7
0.60833,-7
0.61667,-8
0.62500,-8
0.63333,-9
0.64167,-9
0.65000,-8
0.65833,-8
0.66667,-8
0.67500,-8
0.68333,-8
0.69167,-9
0.70000,-9
0.70833,-9
0.71667,-8
0.72500,-8
0.73333,-8
0.74167,-8
0.75000,-8
0.75833,-8
0.76667,-8
0.77500,-8
0.78333,-8
0.79167,-8
0.80000,-8
0.80833,-9
0.81667,-9
0.82500,-10
0.83333,-10
0.84167,-10
0.85000,-10
0.85833,-11
0.86667,-11
0.87500,-11
0.88333,-10
0.89167,-10
0.90000,-10
0.90833,-9
0.91667,-10
0.92500,-10
0.93333,-10
0.94167,-10
0.95000,-9
0.95833,-9
0.96667,-9
0.97500,-9
0.98333,-9
0.99167,-10
1.00000,-10
1.00833,-10
1.01667,-10
1.02500,-9
1.03333,-9
1.04167,-9
1.05000,-9
1.05833,-9
1.06667,-9
1.07500,-9
1.08333,-9
1.09167,-8
1.10000,-8
1.10833,-8
1.11667,-8
1.12500,-7
1.13333,-6
1.14167,-6
1.15000,-5
1.15833,-5
1.16667,-4
1.17500,-4
1.18333,-4
1.19167,-4
1.20000,-3
1.20833,-3
1.21667,-3
1.22500,-3
1.23333,-2
1.24167,-2
1.25000,-1
1.25833,-0
1.26667,0
1.27500,1
1.28333,1
1.29167,1
1.30000,1
1.30833,1
1.31667,2
1.32500,2
1.33333,3
1.34167,3
1.35000,4
1.35833,4
1.36667,4
1.37500,5
1.38333,5
1.39167,5
1.40000,5
1.40833,6
1.41667,6
1.42500,6
1.43333,6
1.44167,6
1.45000,6
1.45833,6
1.46667,6
1.47500,6
1.48333,6
1.49167,6
1.50000,6
1.50833,6
1.51667,6
1.52500,6
1.53333,6
1.54167,6
1.55000,5
1.55833,6
1.56667,6
1.57500,6
1.58333,6
1.59167,6
1.60000,6
1.60833,6
1.61667,5
1.62500,5
1.63333,5
1.64167,5
1.65000,5
1.65833,5
1.66667,4
1.67500,4
1.68333,4
1.69167,4
1.70000,5
1.70833,4
1.71667,4
1.72500,4
1.73333,4
1.74167,4
1.75000,3
1.75833,3
1.76667,2
1.77500,2
1.78333,2
1.79167,2
1.80000,2
1.80833,2
1.81667,2
1.82500,2
1.83333,1
1.84167,1
1.85000,1
1.85833,1
1.86667,0
1.87500,0
1.88333,-0
1.89167,-1
1.90000,-1
1.90833,-1
1.91667,-1
1.92500,-1
1.93333,-2
1.94167,-2
1.95000,-3
1.95833,-3
1.96667,-3
1.97500,-4
1.98333,-4
1.99167,-5
2.00000,-6
2.00833,-6
2.01667,-7
2.02500,-7
2.03333,-7
2.04167,-8
2.05000,-8
2.05833,-8
2.06667,-8
2.07500,-8
2.08333,-9
2.09167,-9
2.10000,-9
2.10833,-10
2.11667,-10
2.12500,-10
2.13333,-10
2.14167,-10
2.15000,-10
2.15833,-10
2.16667,-10
2.17500,-10
2.18333,-10
2.19167,-10
2.20000,-10
2.20833,-11
2.21667,-11
2.22500,-11
2.23333,-11
2.24167,-11
2.25000,-11
2.25833,-11
2.26667,-10
2.27500,-10
2.28333,-10
2.29167,-9
2.30000,-9
2.30833,-9
2.31667,-8
2.32500,-8
2.33333,-8
2.34167,-7
2.35000,-7
2.35833,-7
2.36667,-7
2.37500,-7
2.38333,-6
2.39167,-6
2.40000,-6
2.40833,-5
2.41667,-5
2.42500,-5
2.43333,-5
2.44167,-5
2.45000,-4
2.45833,-4
2.46667,-4
2.47500,-4
2.48333,-3
2.49167,-3
2.50000,-3
2.50833,-3
2.51667,-3
2.52500,-2
2.53333,-2
2.54167,-2
2.55000,-2
2.55833,-2
2.56667,-2
2.57500,-2
2.58333,-2
2.59167,-1
2.60000,-1
2.60833,-1
2.61667,-1
2.62500,-1
2.63333,-1
2.64167,-1
2.65000,-2
2.65833,-2
2.66667,-2
2.67500,-2
2.68333,-2
2.69167,-2
2.70000,-3
2.70833,-3
2.71667,-3
2.72500,-2
2.73333,-2
2.74167,-2
2.75000,-2
2.75833,-3
2.76667,-3
2.77500,-3
2.78333,-3
2.79167,-4
2.80000,-4
2.80833,-4
2.81667,-3
2.82500,-4
2.83333,-4
2.84167,-4
2.85000,-4
2.85833,-5
2.86667,-5
2.87500,-5
2.88333,-6
2.89167,-6
2.90000,-6
2.90833,-6
2.91667,-7
2.92500,-7
2.93333,-7
2.94167,-8
2.95000,-8
2.95833,-8
2.96667,-9
2.97500,-9
2.98333,-9
2.99167,-9
3.00000,-9
3.00833,-9
3.01667,-9
3.02500,-9
3.03333,-9
3.04167,-10
3.05000,-10
3.05833,-10
3.06667,-10
3.07500,-10
3.08333,-10
3.09167,-11
3.10000,-11
3.10833,-11
3.11667,-11
3.12500,-11
3.13333,-11
3.14167,-11
3.15000,-11
3.15833,-11
3.16667,-11
3.17500,-12
3.18333,-12
3.19167,-12
3.20000,-12
3.20833,-12
3.21667,-12
3.22500,-11
3.23333,-11
3.24167,-11
3.25000,-11
3.25833,-11
3.26667,-11
3.27500,-11
3.28333,-10
3.29167,-10
3.30000,-10
3.30833,-10
3.31667,-10
3.32500,-10
3.33333,-10
3.34167,-10
3.35000,-10
3.35833,-10
3.36667,-11
3.37500,-11
3.38333,-11
3.39167,-11
3.40000,-11
3.40833,-11
3.41667,-10
3.42500,-10
3.43333,-10
3.44167,-10
3.45000,-10
3.45833,-9
3.46667,-9
3.47500,-8
3.48333,-8
3.49167,-7
3.50000,-8
3.50833,-8
3.51667,-8
3.52500,-7
3.53333,-7
3.54167,-7
3.55000,-7
3.55833,-6
3.56667,-6
3.57500,-5
3.58333,-5
3.59167,-4
3.60000,-4
3.60833,-4
3.61667,-3
3.62500,-2
3.63333,-2
3.64167,-1
3.65000,-0
3.65833,0
3.66667,1
3.67500,2
3.68333,2
3.69167,3
3.70000,3
3.70833,3
3.71667,4
3.72500,5
3.73333,6
3.74167,7
3.75000,8
3.75833,8
3.76667,8
3.77500,9
3.78333,9
3.79167,9
3.80000,10
3.80833,11
3.81667,11
3.82500,11
3.83333,11
3.84167,12
3.85000,12
3.85833,13
3.86667,14
3.87500,14
3.88333,15
3.89167,15
3.90000,15
3.90833,16
3.91667,16
3.92500,17
3.93333,17
3.94167,18
3.95000,18
3.95833,18
3.96667,19
3.97500,19
3.98333,19
3.99167,19
4.00000,20
4.00833,20
4.01667,20
4.02500,19
4.03333,19
4.04167,20
4.05000,20
4.05833,20
4.06667,19
4.07500,19
4.08333,19
4.09167,19
4.10000,19
4.10833,19
4.11667,19
4.12500,19
4.13333,19
4.14167,20
4.15000,20
4.15833,19
4.16667,19
4.17500,19
4.18333,18
4.19167,18
4.20000,18
4.20833,18
4.21667,18
4.22500,18
4.23333,17
4.24167,17
4.25000,17
4.25833,16
4.26667,16
4.27500,16
4.28333,16
4.29167,16
4.30000,16
4.30833,16
4.31667,16
4.32500,15
4.33333,15
4.34167,15
4.35000,15
4.35833,15
4.36667,15
4.37500,15
4.38333,15
4.39167,15
4.40000,14
4.40833,14
4.41667,13
4.42500,13
4.43333,13
4.44167,13
4.45000,13
4.45833,13
4.46667,12
4.47500,13
4.48333,13
4.49167,13
4.50000,13
4.50833,13
4.51667,12
4.52500,12
4.53333,13
4.54167,13
4.55000,13
4.55833,13
4.56667,13
4.57500,13
4.58333,12
4.59167,12
4.60000,12
4.60833,12
4.61667,12
4.62500,11
4.63333,11
4.64167,11
4.65000,11
4.65833,10
4.66667,10
4.67500,10
4.68333,10
4.69167,9
4.70000,9
4.70833,9
4.71667,8
4.72500,8
4.73333,7
4.74167,7
4.75000,7
4.75833,7
4.76667,7
4.77500,7
4.78333,7
4.79167,7
4.80000,6
4.80833,6
4.81667,5
4.82500,4
4.83333,4
4.84167,4
4.85000,3
4.85833,3
4.86667,2
4.87500,1
4.88333,1
4.89167,1
4.90000,1
4.90833,0
4.91667,-0
4.92500,-0
4.93333,-1
4.94167,-1
4.95000,-1
4.95833,-2
4.96667,-2
4.97500,-2
4.98333,-2
4.99167,-2
5.00000,-3
5.00833,-3
5.01667,-3
5.02500,-3
5.03333,-4
5.04167,-4
5.05000,-4
5.05833,-4
5.06667,-4
5.07500,-4
5.08333,-5
5.09167,-4
5.10000,-4
5.10833,-5
5.11667,-5
5.12500,-5
5.13333,-5
5.14167,-6
5.15000,-6
5.15833,-6
5.16667,-6
5.17500,-6
5.18333,-6
5.19167,-6
5.20000,-6
5.20833,-6
5.21667,-7
5.22500,-7
5.23333,-7
5.24167,-7
5.25000,-7
5.25833,-7
5.26667,-7
5.27500,-8
5.28333,-8
5.29167,-8
5.30000,-8
5.30833,-8
5.31667,-9
5.32500,-9
5.33333,-9
5.34167,-9
5.35000,-10
5.35833,-10
5.36667,-11
5.37500,-11
5.38333,-11
5.39167,-11
5.40000,-12
5.40833,-12
5.41667,-12
5.42500,-12
5.43333,-13
5.44167,-13
5.45000,-13
5.45833,-13
5.46667,-13
5.47500,-13
5.48333,-13
5.49167,-13
5.50000,-13
5.50833,-13
5.51667,-13
5.52500,-13
5.53333,-13
5.54167,-13
5.55000,-13
5.55833,-13
5.56667,-13
5.57500,-13
5.58333,-13
5.59167,-12
5.60000,-12
5.60833,-12
5.61667,-12
5.62500,-11
5.63333,-10
5.64167,-9
5.65000,-8
5.65833,-8
5.66667,-7
5.67500,-7
5.68333,-6
5.69167,-6
5.70000,-5
5.70833,-4
5.71667,-3
5.72500,-3
5.73333,-1
5.74167,-0
5.75000,1
5.75833,2
5.76667,3
5.77500,3
5.78333,4
5.79167,4
5.80000,5
5.80833,6
5.81667,6
5.82500,7
5.83333,8
5.84167,8
5.85000,9
5.85833,10
5.86667,11
5.87500,11
5.88333,11
5.89167,12
5.90000,12
5.90833,12
5.91667,13
5.92500,13
5.93333,13
5.94167,13
5.95000,13
5.95833,13
5.96667,13
5.97500,13
5.98333,13
5.99167,13
6.00000,13
6.00833,13
6.01667,13
6.02500,13
6.03333,13
6.04167,12
6.05000,12
6.05833,12
6.06667,12
6.07500,11
6.08333,11
6.09167,10
6.10000,9
6.10833,9
6.11667,9
6.12500,8
6.13333,8
6.14167,7
6.15000,6
6.15833,5
6.16667,4
6.17500,3
6.18333,2
6.19167,1
6.20000,1
6.20833,1
6.21667,0
6.22500,0
6.23333,0
6.24167,-0
6.25000,-1
6.25833,-1
6.26667,-1
6.27500,-1
6.28333,-2
6.29167,-2
6.30000,-2
6.30833,-2
6.31667,-2
6.32500,-2
6.33333,-1
6.34167,-1
6.35000,-1
6.35833,-1
6.36667,-0
6.37500,-0
6.38333,-0
6.39167,0
6.40000,0
6.40833,0
6.41667,1
6.42500,1
6.43333,2
6.44167,2
6.45000,3
6.45833,4
6.46667,4
6.47500,5
6.48333,5
6.49167,6
6.50000,6
6.50833,6
6.51667,7
6.52500,8
6.53333,9
6.54167,10
6.55000,10
6.55833,10
6.56667,11
6.57500,11
6.58333,11
6.59167,12
6.60000,12
6.60833,13
6.61667,13
6.62500,14
6.63333,14
6.64167,15
6.65000,15
6.65833,15
6.66667,15
6.67500,15
6.68333,15
6.69167,15
6.70000,15
6.70833,15
6.71667,15
6.72500,15
6.73333,15
6.74167,14
6.75000,14
6.75833,14
6.76667,14
6.77500,13
6.78333,13
6.79167,13
6.80000,13
6.80833,12
6.81667,12
6.82500,12
6.83333,12
6.84167,11
6.85000,11
6.85833,11
6.86667,11
6.87500,10
6.88333,10
6.89167,10
6.90000,9
6.90833,9
6.91667,9
6.92500,9
6.93333,9
6.94167,10
6.95000,10
6.95833,10
6.96667,10
6.97500,10
6.98333,11
6.99167,11
7.00000,12
7.00833,12
7.01667,12
7.02500,12
7.03333,12
7.04167,12
7.05000,13
7.05833,13
7.06667,13
7.07500,13
7.08333,13
7.09167,13
7.10000,13
7.10833,14
7.11667,14
7.12500,14
7.13333,14
7.14167,14
7.15000,15
7.15833,15
7.16667,15
7.17500,15
7.18333,14
7.19167,14
7.20000,14
7.20833,15
7.21667,15
7.22500,15
7.23333,15
7.24167,15
7.25000,15
7.25833,15
7.26667,15
7.27500,15
7.28333,15
7.29167,15
7.30000,14
7.30833,14
7.31667,14
7.32500,14
7.33333,14
7.34167,13
7.35000,13
7.35833,13
7.36667,13
7.37500,13
7.38333,12
7.39167,12
7.40000,11
7.40833,11
7.41667,10
7.42500,10
7.43333,9
7.44167,9
7.45000,9
7.45833,9
7.46667,8
7.47500,7
7.48333,7
7.49167,6
7.50000,6
7.50833,5
7.51667,5
7.52500,4
7.53333,4
7.54167,4
7.55000,3
7.55833,3
7.56667,2
7.57500,2
7.58333,1
7.59167,1
7.60000,1
7.60833,0
7.61667,0
7.62500,0
7.63333,0
7.64167,-0
7.65000,-1
7.65833,-1
7.66667,-1
7.67500,-1
7.68333,-1
7.69167,-1
7.70000,-1
7.70833,-1
7.71667,-0
7.72500,-0
7.73333,0
7.74167,0
7.75000,0
7.75833,0
7.76667,0
7.77500,1
7.78333,2
7.79167,2
7.80000,3
7.80833,3
7.81667,4
7.82500,5
7.83333,5
7.84167,6
7.85000,6
7.85833,7
7.86667,8
7.87500,9
7.88333,10
7.89167,10
7.90000,11
7.90833,12
7.91667,13
7.92500,14
7.93333,14
7.94167,15
7.95000,16
7.95833,17
7.96667,18
7.97500,19
7.98333,20
7.99167,21
8.00000,21
8.00833,22
8.01667,23
8.02500,24
8.03333,25
8.04167,26
8.05000,26
8.05833,27
8.06667,27
8.07500,28
8.08333,29
8.09167,29
8.10000,30
8.10833,30
8.11667,30
8.12500,31
8.13333,31
8.14167,31
8.15000,31
8.15833,31
8.16667,31
8.17500,31
8.18333,32
8.19167,32
8.20000,32
8.20833,31
8.21667,31
8.22500,31
8.23333,31
8.24167,30
8.25000,30
8.25833,30
8.26667,30
8.27500,30
8.28333,30
8.29167,29
8.30000,29
8.30833,28
8.31667,28
8.32500,27
8.33333,26
8.34167,25
8.35000,25
8.35833,24
8.36667,24
8.37500,23
8.38333,23
8.39167,22
8.40000,22
8.40833,22
8.41667,22
8.42500,21
8.43333,21
8.44167,20
8.45000,20
8.45833,19
8.46667,19
8.47500,18
8.48333,18
8.49167,18
8.50000,18
8.50833,17
8.51667,18
8.52500,18
8.53333,18
8.54167,18
8.55000,18
8.55833,18
8.56667,18
8.57500,17
8.58333,17
8.59167,17
8.60000,17
8.60833,17
8.61667,17
8.62500,17
8.63333,18
8.64167,18
8.65000,18
8.65833,18
8.66667,18
8.67500,18
8.68333,19
8.69167,19
8.70000,19
8.70833,20
8.71667,20
8.72500,20
8.73333,20
8.74167,20
8.75000,20
8.75833,19
8.76667,19
8.77500,19
8.78333,19
8.79167,20
8.80000,20
8.80833,20
8.81667,19
8.82500,19
8.83333,19
8.84167,19
8.85000,19
8.85833,19
8.86667,19
8.87500,18
8.88333,18
8.89167,18
8.90000,17
8.90833,17
8.91667,16
8.92500,16
8.93333,15
8.94167,15
8.95000,14
8.95833,14
8.96667,13
8.97500,13
8.98333,13
8.99167,12
9.00000,12
9.00833,11
9.01667,11
9.02500,10
9.03333,10
9.04167,9
9.05000,9
9.05833,9
9.06667,9
9.07500,8
9.08333,8
9.09167,7
9.10000,7
9.10833,7
9.11667,7
9.12500,7
9.13333,7
9.14167,7
9.15000,6
9.15833,6
9.16667,6
9.17500,5
9.18333,5
9.19167,5
9.20000,5
9.20833,5
9.21667,4
9.22500,5
9.23333,5
9.24167,5
9.25000,5
9.25833,5
9.26667,5
9.27500,5
9.28333,5
9.29167,5
9.30000,5
9.30833,5
9.31667,5
9.32500,6
9.33333,6
9.34167,7
9.35000,7
9.35833,7
9.36667,7
9.37500,7
9.38333,7
9.39167,7
9.40000,7
9.40833,7
9.41667,7
9.42500,7
9.43333,7
9.44167,8
9.45000,8
9.45833,8
9.46667,8
9.47500,9
9.48333,9
9.49167,9
9.50000,10
9.50833,10
9.51667,10
9.52500,11
9.53333,11
9.54167,11
9.55000,12
9.55833,12
9.56667,12
9.57500,12
9.58333,12
9.59167,12
9.60000,13
9.60833,13
9.61667,13
9.62500,14
9.63333,14
9.64167,15
9.65000,15
9.65833,15
9.66667,16
9.67500,16
9.68333,16
9.69167,16
9.70000,16
9.70833,16
9.71667,16
9.72500,16
9.73333,17
9.74167,17
9.75000,17
9.75833,18
9.76667,19
9.77500,19
9.78333,19
9.79167,19
9.80000,19
9.80833,20
9.81667,20
9.82500,20
9.83333,21
9.84167,21
9.85000,21
9.85833,21
9.86667,22
9.87500,22
9.88333,22
9.89167,22
9.90000,22
9.90833,23
9.91667,22
9.92500,22
9.93333,22
9.94167,22
9.95000,22
9.95833,22
9.96667,22
9.97500,22
9.98333,22
9.99167,22
10.00000,23
10.00833,23
10.01667,23
10.02500,23
10.03333,23
10.04167,24
10.05000,25
10.05833,26
10.06667,26
10.07500,26
10.08333,26
10.09167,26
10.10000,26
10.10833,26
10.11667,26
10.12500,27
10.13333,26
10.14167,26
10.15000,26
10.15833,26
10.16667,26
10.17500,26
10.18333,26
10.19167,26
10.20000,25
10.20833,25
10.21667,25
10.22500,25
10.23333,25
10.24167,25
10.25000,25
10.25833,25
10.26667,25
10.27500,25
10.28333,25
10.29167,25
10.30000,25
10.30833,25
10.31667,24
10.32500,24
10.33333,24
10.34167,23
10.35000,24
10.35833,23
10.36667,23
10.37500,23
10.38333,23
10.39167,23
10.40000,23
10.40833,24
10.41667,24
10.42500,24
10.43333,25
10.44167,26
10.45000,27
10.45833,29
10.46667,31
10.47500,34
10.48333,38
10.49167,43
10.50000,49
10.50833,58
10.51667,68
10.52500,82
10.53333,98
10.54167,120
10.55000,147
10.55833,180
10.56667,222
10.57500,274
10.58333,337
10.59167,413
10.60000,505
10.60833,613
10.61667,741
10.62500,891
10.63333,1064
10.64167,1263
10.65000,1489
10.65833,1746
10.66667,2034
10.67500,2355
10.68333,2710
10.69167,3101
10.70000,3526
10.70833,3987
10.71667,4482
10.72500,5010
10.73333,5569
10.74167,6155
10.75000,6766
10.75833,7397
10.76667,8045
10.77500,8702
10.78333,9363
10.79167,10020
10.80000,10668
10.80833,11297
10.81667,11900
10.82500,12467
10.83333,12992
10.84167,13465
10.85000,13879
10.85833,14227
10.86667,14502
10.87500,14699
10.88333,14814
10.89167,14844
10.90000,14788
10.90833,14646
10.91667,14421
10.92500,14117
10.93333,13738
10.94167,13291
10.95000,12785
10.95833,12227
10.96667,11627
10.97500,10996
10.98333,10342
10.99167,9675
11.00000,9004
11.00833,8337
11.01667,7682
11.02500,7045
11.03333,6432
11.04167,5848
11.05000,5294
11.05833,4774
11.06667,4290
11.07500,3841
11.08333,3428
11.09167,3050
11.10000,2706
11.10833,2394
11.11667,2113
11.12500,1861
11.13333,1635
11.14167,1434
11.15000,1255
11.15833,1097
11.16667,958
11.17500,835
11.18333,728
11.19167,634
11.20000,552
11.20833,480
11.21667,418
11.22500,365
11.23333,319
11.24167,279
11.25000,246
11.25833,217
11.26667,192
11.27500,171
11.28333,153
11.29167,138
11.30000,125
11.30833,115
11.31667,106
11.32500,99
11.33333,93
11.34167,87
11.35000,82
11.35833,78
11.36667,75
11.37500,72
11.38333,70
11.39167,68
11.40000,66
11.40833,65
11.41667,63
11.42500,62
11.43333,61
11.44167,60
11.45000,59
11.45833,57
11.46667,56
11.47500,55
11.48333,53
11.49167,51
11.50000,50
11.50833,49
11.51667,48
11.52500,46
11.53333,45
11.54167,44
11.55000,43
11.55833,42
11.56667,41
11.57500,40
11.58333,38
11.59167,37
11.60000,36
11.60833,35
11.61667,34
11.62500,33
11.63333,32
11.64167,31
11.65000,30
11.65833,29
11.66667,29
11.67500,28
11.68333,27
11.69167,27
11.70000,27
11.70833,27
11.71667,27
11.72500,26
11.73333,26
11.74167,26
11.75000,25
11.75833,25
11.76667,25
11.77500,24
11.78333,24
11.79167,23
11.80000,23
11.80833,23
11.81667,24
11.82500,24
11.83333,24
11.84167,24
11.85000,23
11.85833,23
11.86667,23
11.87500,23
11.88333,23
11.89167,23
11.90000,23
11.90833,23
11.91667,23
11.92500,23
11.93333,22
11.94167,22
11.95000,22
11.95833,21
11.96667,21
11.97500,21
11.98333,21
11.99167,21
12.00000,21
12.00833,20
12.01667,20
12.02500,20
12.03333,20
12.04167,20
12.05000,20
12.05833,21
12.06667,21
12.07500,20
12.08333,20
12.09167,20
12.10000,19
12.10833,19
12.11667,19
12.12500,19
12.13333,19
12.14167,19
12.15000,19
12.15833,19
12.16667,19
12.17500,19
12.18333,19
12.19167,19
12.20000,20
12.20833,20
12.21667,20
12.22500,20
12.23333,20
12.24167,20
12.25000,20
12.25833,20
12.26667,20
12.27500,20
12.28333,21
12.29167,21
12.30000,21
12.30833,22
12.31667,22
12.32500,23
12.33333,23
12.34167,23
12.35000,24
12.35833,24
12.36667,25
12.37500,25
12.38333,26
12.39167,26
12.40000,26
12.40833,27
12.41667,27
12.42500,27
12.43333,27
12.44167,28
12.45000,29
12.45833,29
12.46667,29
12.47500,30
12.48333,30
12.49167,31
12.50000,31
12.50833,31
12.51667,31
12.52500,32
12.53333,32
12.54167,33
12.55000,34
12.55833,35
12.56667,36
12.57500,37
12.58333,38
12.59167,39
12.60000,41
12.60833,43
12.61667,46
12.62500,50
12.63333,54
12.64167,60
12.65000,67
12.65833,75
12.66667,85
12.67500,97
12.68333,111
12.69167,129
12.70000,149
12.70833,172
12.71667,200
12.72500,232
12.73333,268
12.74167,309
12.75000,355
12.75833,407
12.76667,464
12.77500,528
12.78333,597
12.79167,673
12.80000,756
12.80833,845
12.81667,941
12.82500,1044
12.83333,1154
12.84167,1270
12.85000,1393
12.85833,1523
12.86667,1659
12.87500,1801
12.88333,1950
12.89167,2105
12.90000,2267
12.90833,2434
12.91667,2607
12.92500,2786
12.93333,2970
12.94167,3159
12.95000,3353
12.95833,3552
12.96667,3754
12.97500,3962
12.98333,4173
12.99167,4389
13.00000,4609
13.00833,4833
13.01667,5061
13.02500,5293
13.03333,5528
13.04167,5767
13.05000,6009
13.05833,6254
13.06667,6503
13.07500,6754
13.08333,7008
13.09167,7266
13.10000,7526
13.10833,7789
13.11667,8054
13.12500,8322
13.13333,8592
13.14167,8865
13.15000,9141
13.15833,9420
13.16667,9701
13.17500,9985
13.18333,10271
13.19167,10560
13.20000,10851
13.20833,11144
13.21667,11439
13.22500,11737
13.23333,12037
13.24167,12340
13.25000,12645
13.25833,12952
13.26667,13262
13.27500,13574
13.28333,13889
13.29167,14206
13.30000,14526
13.30833,14847
13.31667,15171
13.32500,15497
13.33333,15825
13.34167,16156
13.35000,16489
13.35833,16825
13.36667,17164
13.37500,17505
13.38333,17848
13.39167,18194
13.40000,18542
13.40833,18892
13.41667,19245
13.42500,19601
13.43333,19959
13.44167,20320
13.45000,20683
13.45833,21049
13.46667,21418
13.47500,21789
13.48333,22163
13.49167,22540
13.50000,22919
13.50833,23301
13.51667,23685
13.52500,24073
13.53333,24463
13.54167,24856
13.55000,25251
13.55833,25650
13.56667,26051
13.57500,26456
13.58333,26863
13.59167,27273
13.60000,27686
13.60833,28101
13.61667,28520
13.62500,28942
13.63333,29367
13.64167,29795
13.65000,30225
13.65833,30659
13.66667,31096
13.67500,31536
13.68333,31979
13.69167,32425
13.70000,32874
13.70833,33327
13.71667,33782
13.72500,34241
13.73333,34703
13.74167,35169
13.75000,35637
13.75833,36110
13.76667,36586
13.77500,37065
13.78333,37547
13.79167,38033
13.80000,38522
13.80833,39014
13.81667,39510
13.82500,40010
13.83333,40513
13.84167,41020
13.85000,41531
13.85833,42044
13.86667,42561
13.87500,43080
13.88333,43601
13.89167,44123
13.90000,44641
13.90833,45152
13.91667,45649
13.92500,46123
13.93333,46560
13.94167,46943
13.95000,47251
13.95833,47458
13.96667,47539
13.97500,47465
13.98333,47208
13.99167,46744
14.00000,46051
14.00833,45119
14.01667,43941
14.02500,42522
14.03333,40878
14.04167,39030
14.05000,37011
14.05833,34860
14.06667,32618
14.07500,30330
14.08333,28039
14.09167,25788
14.10000,23614
14.10833,21548
14.11667,19617
14.12500,17839
14.13333,16229
14.14167,14792
14.15000,13531
14.15833,12442
14.16667,11521
14.17500,10757
14.18333,10141
14.19167,9660
14.20000,9301
14.20833,9051
14.21667,8896
14.22500,8823
14.23333,8819
14.24167,8871
14.25000,8967
14.25833,9097
14.26667,9249
14.27500,9413
14.28333,9580
14.29167,9742
14.30000,9892
14.30833,10023
14.31667,10130
14.32500,10207
14.33333,10253
14.34167,10264
14.35000,10238
14.35833,10175
14.36667,10076
14.37500,9940
14.38333,9770
14.39167,9566
14.40000,9333
14.40833,9073
14.41667,8788
14.42500,8484
14.43333,8162
14.44167,7826
14.45000,7481
14.45833,7129
14.46667,6774
14.47500,6418
14.48333,6066
14.49167,5718
14.50000,5378
14.50833,5046
14.51667,4724
14.52500,4415
14.53333,4119
14.54167,3836
14.55000,3568
14.55833,3314
14.56667,3075
14.57500,2850
14.58333,2641
14.59167,2445
14.60000,2263
14.60833,2094
14.61667,1938
14.62500,1794
14.63333,1661
14.64167,1539
14.65000,1427
14.65833,1325
14.66667,1230
14.67500,1145
14.68333,1066
14.69167,995
14.70000,929
14.70833,870
14.71667,816
14.72500,767
14.73333,723
14.74167,682
14.75000,644
14.75833,611
14.76667,580
14.77500,552
14.78333,526
14.79167,503
14.80000,482
14.80833,463
14.81667,446
14.82500,431
14.83333,416
14.84167,403
14.85000,392
14.85833,381
14.86667,371
14.87500,362
14.88333,354
14.89167,347
14.90000,341
14.90833,335
14.91667,331
14.92500,327
14.93333,324
14.94167,321
14.95000,319
14.95833,318
14.96667,318
14.97500,318
14.98333,318
14.99167,318
15.00000,319
15.00833,321
15.01667,323
15.02500,326
15.03333,329
15.04167,333
15.05000,336
15.05833,340
15.06667,345
15.07500,350
15.08333,356
15.09167,362
15.10000,368
15.10833,375
15.11667,383
15.12500,391
15.13333,400
15.14167,411
15.15000,422
15.15833,436
15.16667,452
15.17500,471
15.18333,493
15.19167,519
15.20000,550
15.20833,587
15.21667,631
15.22500,684
15.23333,746
15.24167,820
15.25000,908
15.25833,1012
15.26667,1134
15.27500,1276
15.28333,1443
15.29167,1636
15.30000,1860
15.30833,2117
15.31667,2412
15.32500,2747
15.33333,3126
15.34167,3554
15.35000,4035
15.35833,4572
15.36667,5168
15.37500,5828
15.38333,6553
15.39167,7347
15.40000,8211
15.40833,9147
15.41667,10155
15.42500,11237
15.43333,12391
15.44167,13616
15.45000,14909
15.45833,16267
15.46667,17686
15.47500,19159
15.48333,20682
15.49167,22247
15.50000,23847
15.50833,25472
15.51667,27113
15.52500,28760
15.53333,30404
15.54167,32032
15.55000,33635
15.55833,35200
15.56667,36716
15.57500,38174
15.58333,39561
15.59167,40870
15.60000,42089
15.60833,43211
15.61667,44227
15.62500,45131
15.63333,45916
15.64167,46579
15.65000,47114
15.65833,47519
15.66667,47794
15.67500,47937
15.68333,47949
15.69167,47833
15.70000,47592
15.70833,47228
15.71667,46748
15.72500,46156
15.73333,45459
15.74167,44663
15.75000,43776
15.75833,42806
15.76667,41761
15.77500,40650
15.78333,39479
15.79167,38258
15.80000,36995
15.80833,35698
15.81667,34376
15.82500,33036
15.83333,31685
15.84167,30330
15.85000,28978
15.85833,27636
15.86667,26307
15.87500,24999
15.88333,23714
15.89167,22458
15.90000,21233
15.90833,20044
15.91667,18892
15.92500,17780
15.93333,16710
15.94167,15682
15.95000,14699
15.95833,13759
15.96667,12864
15.97500,12014
15.98333,11208
15.99167,10445
16.00000,9725
16.00833,9046
16.01667,8408
16.02500,7809
16.03333,7248
16.04167,6723
16.05000,6233
16.05833,5777
16.06667,5351
16.07500,4956
16.08333,4590
16.09167,4250
16.10000,3936
16.10833,3645
16.11667,3376
16.12500,3128
16.13333,2900
16.14167,2690
16.15000,2497
16.15833,2319
16.16667,2155
16.17500,2005
16.18333,1868
16.19167,1742
16.20000,1627
16.20833,1521
16.21667,1423
16.22500,1334
16.23333,1253
16.24167,1178
16.25000,1109
16.25833,1046
16.26667,989
16.27500,936
16.28333,887
16.29167,843
16.30000,802
16.30833,765
16.31667,730
16.32500,698
16.33333,669
16.34167,642
16.35000,618
16.35833,595
16.36667,573
16.37500,553
16.38333,535
16.39167,518
16.40000,503
16.40833,488
16.41667,475
16.42500,462
16.43333,451
16.44167,439
16.45000,429
16.45833,419
16.46667,410
16.47500,401
16.48333,393
16.49167,386
16.50000,379
16.50833,373
16.51667,367
16.52500,361
16.53333,355
16.54167,350
16.55000,345
16.55833,341
16.56667,336
16.57500,332
16.58333,328
16.59167,325
16.60000,321
16.60833,318
16.61667,315
16.62500,312
16.63333,309
16.64167,306
16.65000,304
16.65833,301
16.66667,298
16.67500,296
16.68333,293
16.69167,291
16.70000,289
16.70833,287
16.71667,285
16.72500,283
16.73333,281
16.74167,279
16.75000,277
16.75833,275
16.76667,274
16.77500,272
16.78333,270
16.79167,269
16.80000,267
16.80833,266
16.81667,264
16.82500,262
16.83333,260
16.84167,259
16.85000,258
16.85833,257
16.86667,255
16.87500,254
16.88333,252
16.89167,251
16.90000,249
16.90833,248
16.91667,246
16.92500,244
16.93333,242
16.94167,241
16.95000,239
16.95833,237
16.96667,236
16.97500,235
16.98333,233
16.99167,231
17.00000,230
17.00833,228
17.01667,227
17.02500,225
17.03333,224
17.04167,222
17.05000,221
17.05833,219
17.06667,217
17.07500,216
17.08333,214
17.09167,213
17.10000,212
17.10833,210
17.11667,209
17.12500,208
17.13333,206
17.14167,204
17.15000,203
17.15833,202
17.16667,201
17.17500,199
17.18333,197
17.19167,196
17.20000,195
17.20833,194
17.21667,192
17.22500,191
17.23333,190
17.24167,189
17.25000,188
17.25833,187
17.26667,186
17.27500,185
17.28333,184
17.29167,183
17.30000,181
17.30833,180
17.31667,179
17.32500,178
17.33333,178
17.34167,177
17.35000,176
17.35833,175
17.36667,174
17.37500,173
17.38333,172
17.39167,171
17.40000,170
17.40833,169
17.41667,168
17.42500,168
17.43333,167
17.44167,166
17.45000,166
17.45833,165
17.46667,164
17.47500,164
17.48333,163
17.49167,163
17.50000,162
17.50833,162
17.51667,161
17.52500,160
17.53333,159
17.54167,159
17.55000,158
17.55833,158
17.56667,157
17.57500,157
17.58333,156
17.59167,156
17.60000,156
17.60833,155
17.61667,155
17.62500,155
17.63333,155
17.64167,154
17.65000,154
17.65833,153
17.66667,153
17.67500,153
17.68333,152
17.69167,152
17.70000,152
17.70833,151
17.71667,151
17.72500,150
17.73333,150
17.74167,150
17.75000,149
17.75833,149
17.76667,148
17.77500,148
17.78333,147
17.79167,147
17.80000,146
17.80833,146
17.81667,146
17.82500,146
17.83333,146
17.84167,145
17.85000,145
17.85833,145
17.86667,144
17.87500,144
17.88333,143
17.89167,142
17.90000,141
17.90833,140
17.91667,140
17.92500,139
17.93333,138
17.94167,138
17.95000,137
17.95833,137
17.96667,136
17.97500,135
17.98333,134
17.99167,133
18.00000,132
18.00833,131
18.01667,130
18.02500,130
18.03333,129
18.04167,128
18.05000,128
18.05833,127
18.06667,126
18.07500,126
18.08333,125
18.09167,124
18.10000,123
18.10833,122
18.11667,121
18.12500,121
18.13333,120
18.14167,119
18.15000,118
18.15833,118
18.16667,117
18.17500,116
18.18333,115
18.19167,114
18.20000,113
18.20833,112
18.21667,111
18.22500,111
18.23333,110
18.24167,109
18.25000,108
18.25833,108
18.26667,107
18.27500,106
18.28333,106
18.29167,105
18.30000,104
18.30833,103
18.31667,103
18.32500,102
18.33333,102
18.34167,101
18.35000,101
18.35833,101
18.36667,100
18.37500,100
18.38333,100
18.39167,100
18.40000,100
18.40833,99
18.41667,99
18.42500,99
18.43333,98
18.44167,98
18.45000,98
18.45833,98
18.46667,97
18.47500,97
18.48333,97
18.49167,97
18.50000,97
18.50833,97
18.51667,97
18.52500,97
18.53333,97
18.54167,98
18.55000,98
18.55833,98
18.56667,98
18.57500,98
18.58333,98
18.59167,99
18.60000,99
18.60833,99
18.61667,100
18.62500,100
18.63333,100
18.64167,100
18.65000,101
18.65833,101
18.66667,102
18.67500,103
18.68333,104
18.69167,104
18.70000,104
18.70833,105
18.71667,106
18.72500,107
18.73333,107
18.74167,108
18.75000,110
18.75833,111
18.76667,112
18.77500,114
18.78333,115
18.79167,117
18.80000,119
18.80833,121
18.81667,123
18.82500,125
18.83333,128
18.84167,131
18.85000,134
18.85833,136
18.86667,139
18.87500,142
18.88333,145
18.89167,148
18.90000,151
18.90833,154
18.91667,158
18.92500,162
18.93333,166
18.94167,169
18.95000,173
18.95833,177
18.96667,180
18.97500,183
18.98333,186
18.99167,189
19.00000,191
19.00833,194
19.01667,196
19.02500,198
19.03333,200
19.04167,201
19.05000,203
19.05833,204
19.06667,204
19.07500,204
19.08333,204
19.09167,203
19.10000,203
19.10833,202
19.11667,201
19.12500,200
19.13333,199
19.14167,197
19.15000,195
19.15833,192
19.16667,190
19.17500,187
19.18333,184
19.19167,181
19.20000,178
19.20833,175
19.21667,172
19.22500,168
19.23333,165
19.24167,161
19.25000,158
19.25833,154
19.26667,151
19.27500,148
19.28333,145
19.29167,142
19.30000,139
19.30833,136
19.31667,132
19.32500,129
19.33333,126
19.34167,124
19.35000,121
19.35833,118
19.36667,116
19.37500,114
19.38333,112
19.39167,109
19.40000,107
19.40833,105
19.41667,103
19.42500,101
19.43333,100
19.44167,99
19.45000,98
19.45833,96
19.46667,95
19.47500,94
19.48333,93
19.49167,92
19.50000,92
19.50833,91
19.51667,90
19.52500,90
19.53333,89
19.54167,89
19.55000,88
19.55833,87
19.56667,87
19.57500,86
19.58333,86
19.59167,86
19.60000,85
19.60833,85
19.61667,85
19.62500,85
19.63333,85
19.64167,84
19.65000,84
19.65833,84
19.66667,83
19.67500,83
19.68333,83
19.69167,83
19.70000,83
19.70833,83
19.71667,83
19.72500,83
19.73333,83
19.74167,83
19.75000,83
19.75833,82
19.76667,82
19.77500,82
19.78333,82
19.79167,82
19.80000,82
19.80833,81
19.81667,81
19.82500,81
19.83333,81
19.84167,80
19.85000,80
19.85833,80
19.86667,79
19.87500,79
19.88333,79
19.89167,79
19.90000,79
19.90833,80
19.91667,80
19.92500,79
19.93333,79
19.94167,79
19.95000,78
19.95833,78
19.96667,78
19.97500,78
19.98333,78
19.99167,77
20.00000,77
20.00833,77
20.01667,76
20.02500,76
20.03333,76
20.04167,75
20.05000,75
20.05833,75
20.06667,75
20.07500,75
20.08333,75
20.09167,74
20.10000,74
20.10833,74
20.11667,74
20.12500,73
20.13333,73
20.14167,73
20.15000,72
20.15833,72
20.16667,72
20.17500,72
20.18333,71
20.19167,71
20.20000,71
20.20833,70
20.21667,70
20.22500,70
20.23333,70
20.24167,70
20.25000,70
20.25833,70
20.26667,70
20.27500,70
20.28333,70
20.29167,69
20.30000,69
20.30833,69
20.31667,69
20.32500,69
20.33333,69
20.34167,68
20.35000,68
20.35833,67
20.36667,67
20.37500,67
20.38333,66
20.39167,66
20.40000,66
20.40833,65
20.41667,65
20.42500,64
20.43333,64
20.44167,63
20.45000,63
20.45833,63
20.46667,62
20.47500,62
20.48333,62
20.49167,62
20.50000,62
20.50833,61
20.51667,61
20.52500,61
20.53333,61
20.54167,61
20.55000,61
20.55833,60
20.56667,60
20.57500,59
20.58333,59
20.59167,58
20.60000,58
20.60833,58
20.61667,58
20.62500,58
20.63333,57
20.64167,57
20.65000,57
20.65833,57
20.66667,57
20.67500,56
20.68333,56
20.69167,56
20.70000,56
20.70833,55
20.71667,55
20.72500,54
20.73333,54
20.74167,54
20.75000,54
20.75833,54
20.76667,54
20.77500,54
20.78333,54
20.79167,53
20.80000,53
20.80833,53
20.81667,53
20.82500,53
20.83333,53
20.84167,53
20.85000,54
20.85833,54
20.86667,54
20.87500,55
20.88333,55
20.89167,55
20.90000,55
20.90833,56
20.91667,56
20.92500,56
20.93333,57
20.94167,57
20.95000,58
20.95833,58
20.96667,59
20.97500,60
20.98333,61
20.99167,62
21.00000,62
21.00833,63
21.01667,64
21.02500,65
21.03333,66
21.04167,66
21.05000,67
21.05833,68
21.06667,69
21.07500,70
21.08333,70
21.09167,70
21.10000,71
21.10833,72
21.11667,72
21.12500,73
21.13333,73
21.14167,74
21.15000,75
21.15833,75
21.16667,76
21.17500,77
21.18333,77
21.19167,78
21.20000,79
21.20833,80
21.21667,80
21.22500,80
21.23333,81
21.24167,81
21.25000,82
21.25833,82
21.26667,83
21.27500,83
21.28333,83
21.29167,83
21.30000,83
21.30833,83
21.31667,83
21.32500,84
21.33333,84
21.34167,84
21.35000,84
21.35833,84
21.36667,84
21.37500,84
21.38333,84
21.39167,85
21.40000,85
21.40833,85
21.41667,85
21.42500,85
21.43333,85
21.44167,85
21.45000,85
21.45833,85
21.46667,85
21.47500,84
21.48333,85
21.49167,85
21.50000,85
21.50833,84
21.51667,84
21.52500,84
21.53333,83
21.54167,83
21.55000,83
21.55833,83
21.56667,83
21.57500,82
21.58333,82
21.59167,81
21.60000,81
21.60833,81
21.61667,81
21.62500,80
21.63333,80
21.64167,80
21.65000,79
21.65833,79
21.66667,79
21.67500,79
21.68333,78
21.69167,78
21.70000,78
21.70833,78
21.71667,78
21.72500,78
21.73333,77
21.74167,77
21.75000,76
21.75833,76
21.76667,75
21.77500,74
21.78333,74
21.79167,73
21.80000,73
21.80833,72
21.81667,72
21.82500,71
21.83333,71
21.84167,70
21.85000,69
21.85833,69
21.86667,68
21.87500,68
21.88333,67
21.89167,66
21.90000,65
21.90833,64
21.91667,64
21.92500,63
21.93333,63
21.94167,62
21.95000,61
21.95833,61
21.96667,60
21.97500,60
21.98333,59
21.99167,58
22.00000,58
22.00833,57
22.01667,56
22.02500,56
22.03333,55
22.04167,55
22.05000,54
22.05833,53
22.06667,52
22.07500,52
22.08333,51
22.09167,51
22.10000,50
22.10833,50
22.11667,49
22.12500,49
22.13333,48
22.14167,48
22.15000,47
22.15833,46
22.16667,46
22.17500,46
22.18333,45
22.19167,45
22.20000,45
22.20833,45
22.21667,45
22.22500,44
22.23333,44
22.24167,44
22.25000,44
22.25833,43
22.26667,43
22.27500,43
22.28333,42
22.29167,42
22.30000,42
22.30833,42
22.31667,42
22.32500,43
22.33333,42
22.34167,42
22.35000,43
22.35833,43
22.36667,43
22.37500,43
22.38333,43
22.39167,43
22.40000,44
22.40833,44
22.41667,44
22.42500,45
22.43333,46
22.44167,46
22.45000,47
22.45833,47
22.46667,47
22.47500,48
22.48333,48
22.49167,48
22.50000,49
22.50833,49
22.51667,50
22.52500,51
22.53333,52
22.54167,52
22.55000,53
22.55833,54
22.56667,55
22.57500,55
22.58333,56
22.59167,58
22.60000,59
22.60833,60
22.61667,61
22.62500,62
22.63333,63
22.64167,64
22.65000,66
22.65833,67
22.66667,69
22.67500,70
22.68333,72
22.69167,73
22.70000,75
22.70833,76
22.71667,78
22.72500,79
22.73333,81
22.74167,83
22.75000,85
22.75833,86
22.76667,88
22.77500,89
22.78333,90
22.79167,92
22.80000,93
22.80833,94
22.81667,96
22.82500,98
22.83333,99
22.84167,100
22.85000,101
22.85833,102
22.86667,103
22.87500,103
22.88333,104
22.89167,105
22.90000,105
22.90833,106
22.91667,107
22.92500,107
22.93333,107
22.94167,107
22.95000,107
22.95833,107
22.96667,107
22.97500,107
22.98333,106
22.99167,106
23.00000,106
23.00833,105
23.01667,105
23.02500,105
23.03333,104
23.04167,103
23.05000,103
23.05833,102
23.06667,101
23.07500,100
23.08333,99
23.09167,98
23.10000,96
23.10833,95
23.11667,94
23.12500,93
23.13333,92
23.14167,91
23.15000,91
23.15833,89
23.16667,88
23.17500,87
23.18333,86
23.19167,85
23.20000,84
23.20833,82
23.21667,81
23.22500,81
23.23333,80
23.24167,79
23.25000,78
23.25833,78
23.26667,77
23.27500,75
23.28333,75
23.29167,74
23.30000,73
23.30833,72
23.31667,71
23.32500,71
23.33333,70
23.34167,69
23.35000,68
23.35833,68
23.36667,67
23.37500,67
23.38333,66
23.39167,66
23.40000,66
23.40833,65
23.41667,64
23.42500,64
23.43333,64
23.44167,64
23.45000,64
23.45833,64
23.46667,64
23.47500,64
23.48333,63
23.49167,63
23.50000,63
23.50833,63
23.51667,63
23.52500,63
23.53333,63
23.54167,63
23.55000,63
23.55833,63
23.56667,63
23.57500,64
23.58333,64
23.59167,63
23.60000,63
23.60833,62
23.61667,63
23.62500,63
23.63333,63
23.64167,63
23.65000,64
23.65833,64
23.66667,63
23.67500,63
23.68333,63
23.69167,64
23.70000,64
23.70833,64
23.71667,64
23.72500,65
23.73333,65
23.74167,65
23.75000,66
23.75833,66
23.76667,66
23.77500,66
23.78333,67
23.79167,67
23.80000,67
23.80833,67
23.81667,68
23.82500,68
23.83333,68
23.84167,68
23.85000,68
23.85833,68
23.86667,68
23.87500,68
23.88333,68
23.89167,69
23.90000,68
23.90833,69
23.91667,68
23.92500,69
23.93333,69
23.94167,69
23.95000,70
23.95833,70
23.96667,70
23.97500,70
23.98333,70
23.99167,70
24.00000,71
24.00833,71
24.01667,71
24.02500,71
24.03333,70
24.04167,71
24.05000,71
24.05833,71
24.06667,71
24.07500,71
24.08333,71
24.09167,71
24.10000,71
24.10833,72
24.11667,72
24.12500,71
24.13333,71
24.14167,71
24.15000,71
24.15833,70
24.16667,70
24.17500,71
24.18333,71
24.19167,71
24.20000,71
24.20833,71
24.21667,72
24.22500,72
24.23333,72
24.24167,72
24.25000,72
24.25833,72
24.26667,72
24.27500,72
24.28333,72
24.29167,72
24.30000,72
24.30833,72
24.31667,73
24.32500,72
24.33333,72
24.34167,72
24.35000,72
24.35833,73
24.36667,73
24.37500,73
24.38333,73
24.39167,73
24.40000,73
24.40833,73
24.41667,73
24.42500,73
24.43333,74
24.44167,74
24.45000,74
24.45833,74
24.46667,74
24.47500,75
24.48333,75
24.49167,75
24.50000,76
24.50833,76
24.51667,77
24.52500,77
24.53333,78
24.54167,78
24.55000,79
24.55833,80
24.56667,81
24.57500,81
24.58333,82
24.59167,82
24.60000,83
24.60833,84
24.61667,85
24.62500,86
24.63333,87
24.64167,89
24.65000,91
24.65833,93
24.66667,94
24.67500,96
24.68333,98
24.69167,100
24.70000,102
24.70833,104
24.71667,106
24.72500,109
24.73333,111
24.74167,114
24.75000,117
24.75833,120
24.76667,123
24.77500,126
24.78333,129
24.79167,132
24.80000,136
24.80833,140
24.81667,144
24.82500,148
24.83333,151
24.84167,155
24.85000,158
24.85833,162
24.86667,165
24.87500,169
24.88333,172
24.89167,176
24.90000,179
24.90833,182
24.91667,185
24.92500,188
24.93333,191
24.94167,193
24.95000,195
24.95833,197
24.96667,200
24.97500,202
24.98333,203
24.99167,205
25.00000,206
25.00833,207
25.01667,207
25.02500,208
25.03333,208
25.04167,208
25.05000,207
25.05833,207
25.06667,205
25.07500,204
25.08333,202
25.09167,200
25.10000,199
25.10833,197
25.11667,195
25.12500,193
25.13333,191
25.14167,188
25.15000,185
25.15833,183
25.16667,180
25.17500,177
25.18333,174
25.19167,171
25.20000,168
25.20833,165
25.21667,161
25.22500,158
25.23333,154
25.24167,151
25.25000,148
25.25833,144
25.26667,141
25.27500,138
25.28333,135
25.29167,132
25.30000,129
25.30833,127
25.31667,124
25.32500,121
25.33333,119
25.34167,117
25.35000,114
25.35833,112
25.36667,110
25.37500,108
25.38333,106
25.39167,104
25.40000,102
25.40833,101
25.41667,99
25.42500,98
25.43333,96
25.44167,95
25.45000,94
25.45833,92
25.46667,90
25.47500,89
25.48333,88
25.49167,87
25.50000,87
25.50833,86
25.51667,85
25.52500,84
25.53333,84
25.54167,84
25.55000,84
25.55833,83
25.56667,83
25.57500,82
25.58333,82
25.59167,81
25.60000,81
25.60833,80
25.61667,80
25.62500,79
25.63333,79
25.64167,79
25.65000,78
25.65833,78
25.66667,78
25.67500,78
25.68333,78
25.69167,77
25.70000,77
25.70833,77
25.71667,77
25.72500,76
25.73333,76
25.74167,76
25.75000,76
25.75833,77
25.76667,77
25.77500,78
25.78333,78
25.79167,78
25.80000,77
25.80833,77
25.81667,77
25.82500,77
25.83333,77
25.84167,77
25.85000,77
25.85833,77
25.86667,77
25.87500,77
25.88333,78
25.89167,78
25.90000,78
25.90833,78
25.91667,78
25.92500,78
25.93333,78
25.94167,79
25.95000,79
25.95833,79
25.96667,79
25.97500,79
25.98333,79
25.99167,79
26.00000,79
26.00833,79
26.01667,79
26.02500,78
26.03333,78
26.04167,78
26.05000,78
26.05833,78
26.06667,78
26.07500,78
26.08333,78
26.09167,78
26.10000,77
26.10833,78
26.11667,78
26.12500,77
26.13333,77
26.14167,77
26.15000,77
26.15833,77
26.16667,77
26.17500,77
26.18333,76
26.19167,76
26.20000,75
26.20833,75
26.21667,74
26.22500,74
26.23333,73
26.24167,73
26.25000,73
26.25833,72
26.26667,72
26.27500,72
26.28333,72
26.29167,72
26.30000,71
26.30833,70
26.31667,70
26.32500,69
26.33333,69
26.34167,68
26.35000,68
26.35833,67
26.36667,67
26.37500,67
26.38333,67
26.39167,67
26.40000,67
26.40833,67
26.41667,67
26.42500,66
26.43333,66
26.44167,66
26.45000,66
26.45833,65
26.46667,64
26.47500,64
26.48333,63
26.49167,63
26.50000,63
26.50833,63
26.51667,63
26.52500,62
26.53333,62
26.54167,62
26.55000,62
26.55833,62
26.56667,62
26.57500,62
26.58333,62
26.59167,62
26.60000,62
26.60833,61
26.61667,62
26.62500,61
26.63333,61
26.64167,62
26.65000,62
26.65833,62
26.66667,62
26.67500,62
26.68333,62
26.69167,62
26.70000,63
26.70833,62
26.71667,62
26.72500,62
26.73333,62
26.74167,62
26.75000,62
26.75833,62
26.76667,62
26.77500,62
26.78333,62
26.79167,63
26.80000,63
26.80833,64
26.81667,64
26.82500,64
26.83333,64
26.84167,64
26.85000,65
26.85833,65
26.86667,65
26.87500,65
26.88333,65
26.89167,65
26.90000,65
26.90833,65
26.91667,65
26.92500,66
26.93333,66
26.94167,66
26.95000,66
26.95833,66
26.96667,66
26.97500,66
26.98333,66
26.99167,66
27.00000,66
27.00833,67
27.01667,67
27.02500,67
27.03333,67
27.04167,67
27.05000,67
27.05833,67
27.06667,67
27.07500,67
27.08333,67
27.09167,68
27.10000,68
27.10833,69
27.11667,69
27.12500,69
27.13333,69
27.14167,69
27.15000,70
27.15833,70
27.16667,70
27.17500,71
27.18333,71
27.19167,71
27.20000,72
27.20833,72
27.21667,72
27.22500,72
27.23333,73
27.24167,73
27.25000,74
27.25833,74
27.26667,75
27.27500,75
27.28333,76
27.29167,76
27.30000,76
27.30833,77
27.31667,77
27.32500,78
27.33333,78
27.34167,79
27.35000,80
27.35833,80
27.36667,81
27.37500,81
27.38333,82
27.39167,83
27.40000,83
27.40833,84
27.41667,85
27.42500,85
27.43333,86
27.44167,86
27.45000,87
27.45833,88
27.46667,88
27.47500,89
27.48333,89
27.49167,90
27.50000,90
27.50833,91
27.51667,91
27.52500,91
27.53333,92
27.54167,92
27.55000,92
27.55833,93
27.56667,93
27.57500,93
27.58333,93
27.59167,93
27.60000,93
27.60833,94
27.61667,94
27.62500,93
27.63333,93
27.64167,93
27.65000,93
27.65833,93
27.66667,93
27.67500,93
27.68333,92
27.69167,92
27.70000,91
27.70833,91
27.71667,90
27.72500,89
27.73333,88
27.74167,88
27.75000,87
27.75833,86
27.76667,85
27.77500,85
27.78333,84
27.79167,83
27.80000,82
27.80833,81
27.81667,80
27.82500,79
27.83333,77
27.84167,76
27.85000,74
27.85833,71
27.86667,69
27.87500,67
27.88333,65
27.89167,63
27.90000,61
27.90833,58
27.91667,56
27.92500,54
27.93333,52
27.94167,49
27.95000,46
27.95833,43
27.96667,40
27.97500,37
27.98333,33
27.99167,30
28.00000,27
28.00833,23
28.01667,20
28.02500,16
28.03333,12
28.04167,8
28.05000,4
28.05833,-0
28.06667,-4
28.07500,-8
28.08333,-12
28.09167,-16
28.10000,-20
28.10833,-24
28.11667,-28
28.12500,-32
28.13333,-35
28.14167,-39
28.15000,-42
28.15833,-46
28.16667,-50
28.17500,-53
28.18333,-56
28.19167,-60
28.20000,-63
28.20833,-66
28.21667,-69
28.22500,-72
28.23333,-75
28.24167,-77
28.25000,-79
28.25833,-81
28.26667,-83
28.27500,-85
28.28333,-87
28.29167,-88
28.30000,-89
28.30833,-90
28.31667,-91
28.32500,-92
28.33333,-92
28.34167,-92
28.35000,-92
28.35833,-92
28.36667,-91
28.37500,-90
28.38333,-90
28.39167,-89
28.40000,-87
28.40833,-86
28.41667,-85
28.42500,-83
28.43333,-81
28.44167,-79
28.45000,-77
28.45833,-75
28.46667,-72
28.47500,-69
28.48333,-66
28.49167,-63
28.50000,-60
28.50833,-57
28.51667,-54
28.52500,-51
28.53333,-47
28.54167,-44
28.55000,-40
28.55833,-36
28.56667,-33
28.57500,-29
28.58333,-26
28.59167,-22
28.60000,-19
28.60833,-15
28.61667,-12
28.62500,-9
28.63333,-5
28.64167,-2
28.65000,1
28.65833,4
28.66667,8
28.67500,11
28.68333,15
28.69167,17
28.70000,20
28.70833,23
28.71667,26
28.72500,29
28.73333,32
28.74167,35
28.75000,38
28.75833,40
28.76667,43
28.77500,45
28.78333,48
28.79167,50
28.80000,52
28.80833,53
28.81667,55
28.82500,57
28.83333,59
28.84167,61
28.85000,62
28.85833,64
28.86667,66
28.87500,67
28.88333,68
28.89167,69
28.90000,70
28.90833,71
28.91667,72
28.92500,73
28.93333,75
28.94167,76
28.95000,77
28.95833,78
28.96667,79
28.97500,80
28.98333,81
28.99167,81
29.00000,82
29.00833,82
29.01667,83
29.02500,83
29.03333,84
29.04167,84
29.05000,85
29.05833,85
29.06667,86
29.07500,86
29.08333,86
29.09167,87
29.10000,87
29.10833,87
29.11667,87
29.12500,87
29.13333,88
29.14167,88
29.15000,88
29.15833,89
29.16667,89
29.17500,89
29.18333,88
29.19167,88
29.20000,88
29.20833,88
29.21667,88
29.22500,88
29.23333,88
29.24167,88
29.25000,88
29.25833,88
29.26667,88
29.27500,88
29.28333,88
29.29167,87
29.30000,87
29.30833,86
29.31667,86
29.32500,85
29.33333,85
29.34167,85
29.35000,84
29.35833,84
29.36667,83
29.37500,83
29.38333,82
29.39167,82
29.40000,81
29.40833,81
29.41667,81
29.42500,80
29.43333,80
29.44167,79
29.45000,78
29.45833,78
29.46667,78
29.47500,78
29.48333,78
29.49167,78
29.50000,78
29.50833,77
29.51667,77
29.52500,76
29.53333,76
29.54167,75
29.55000,75
29.55833,74
29.56667,73
29.57500,72
29.58333,71
29.59167,70
29.60000,70
29.60833,69
29.61667,68
29.62500,66
29.63333,65
29.64167,65
29.65000,64
29.65833,63
29.66667,63
29.67500,62
29.68333,61
29.69167,60
29.70000,58
29.70833,57
29.71667,56
29.72500,55
29.73333,54
29.74167,52
29.75000,51
29.75833,50
29.76667,49
29.77500,48
29.78333,47
29.79167,46
29.80000,45
29.80833,44
29.81667,42
29.82500,41
29.83333,40
29.84167,39
29.85000,38
29.85833,37
29.86667,35
29.87500,33
29.88333,32
29.89167,31
29.90000,30
29.90833,28
29.91667,27
29.92500,26
29.93333,26
29.94167,25
29.95000,24
29.95833,23
29.96667,23
29.97500,22
29.98333,22
29.99167,21
30.00000,21
30.00833,20
30.01667,20
30.02500,20
30.03333,20
30.04167,19
30.05000,20
30.05833,20
30.06667,20
30.07500,20
30.08333,20
30.09167,20
30.10000,20
30.10833,21
30.11667,21
30.12500,22
30.13333,23
30.14167,23
30.15000,24
30.15833,24
30.16667,24
30.17500,25
30.18333,25
30.19167,26
30.20000,27
30.20833,29
30.21667,30
30.22500,31
30.23333,32
30.24167,33
30.25000,34
30.25833,35
30.26667,36
30.27500,37
30.28333,38
30.29167,39
30.30000,40
30.30833,41
30.31667,43
30.32500,43
30.33333,44
30.34167,45
30.35000,46
30.35833,47
30.36667,48
30.37500,49
30.38333,50
30.39167,51
30.40000,52
30.40833,52
30.41667,53
30.42500,54
30.43333,55
30.44167,56
30.45000,57
30.45833,58
30.46667,58
30.47500,59
30.48333,60
30.49167,60
30.50000,61
30.50833,61
30.51667,61
30.52500,61
30.53333,61
30.54167,61
30.55000,62
30.55833,62
30.56667,62
30.57500,62
30.58333,62
30.59167,62
30.60000,62
30.60833,62
30.61667,62
30.62500,62
30.63333,62
30.64167,63
30.65000,63
30.65833,63
30.66667,63
30.67500,63
30.68333,63
30.69167,63
30.70000,63
30.70833,63
30.71667,63
30.72500,63
30.73333,63
30.74167,63
30.75000,63
30.75833,63
30.76667,63
30.77500,63
30.78333,63
30.79167,63
30.80000,62
30.80833,62
30.81667,62
30.82500,62
30.83333,63
30.84167,63
30.85000,63
30.85833,64
30.86667,64
30.87500,64
30.88333,64
30.89167,64
30.90000,65
30.90833,65
30.91667,65
30.92500,65
30.93333,65
30.94167,65
30.95000,65
30.95833,65
30.96667,65
30.97500,65
30.98333,65
30.99167,66
31.00000,66
31.00833,66
31.01667,66
31.02500,66
31.03333,66
31.04167,67
31.05000,67
31.05833,68
31.06667,68
31.07500,68
31.08333,68
31.09167,69
31.10000,69
31.10833,69
31.11667,69
31.12500,69
31.13333,69
31.14167,69
31.15000,70
31.15833,70
31.16667,71
31.17500,71
31.18333,72
31.19167,72
31.20000,73
31.20833,73
31.21667,73
31.22500,73
31.23333,73
31.24167,74
31.25000,74
31.25833,74
31.26667,75
31.27500,75
31.28333,75
31.29167,75
31.30000,75
31.30833,75
31.31667,75
31.32500,76
31.33333,76
31.34167,77
31.35000,77
31.35833,77
31.36667,78
31.37500,78
31.38333,78
31.39167,78
31.40000,78
31.40833,78
31.41667,78
31.42500,78
31.43333,78
31.44167,78
31.45000,79
31.45833,79
31.46667,79
31.47500,79
31.48333,79
31.49167,79
31.50000,79
31.50833,79
31.51667,80
31.52500,80
31.53333,80
31.54167,80
31.55000,80
31.55833,80
31.56667,79
31.57500,79
31.58333,80
31.59167,80
31.60000,80
31.60833,81
31.61667,81
31.62500,81
31.63333,81
31.64167,82
31.65000,82
31.65833,82
31.66667,82
31.67500,83
31.68333,83
31.69167,83
31.70000,84
31.70833,84
31.71667,84
31.72500,84
31.73333,85
31.74167,85
31.75000,85
31.75833,85
31.76667,86
31.77500,86
31.78333,87
31.79167,87
31.80000,88
31.80833,88
31.81667,88
31.82500,88
31.83333,89
31.84167,89
31.85000,90
31.85833,90
31.86667,91
31.87500,91
31.88333,91
31.89167,91
31.90000,92
31.90833,92
31.91667,92
31.92500,92
31.93333,92
31.94167,92
31.95000,92
31.95833,93
31.96667,93
31.97500,93
31.98333,93
31.99167,93
32.00000,94
32.00833,94
32.01667,94
32.02500,93
32.03333,94
32.04167,94
32.05000,94
32.05833,94
32.06667,94
32.07500,95
32.08333,95
32.09167,95
32.10000,94
32.10833,94
32.11667,94
32.12500,94
32.13333,94
32.14167,94
32.15000,94
32.15833,93
32.16667,93
32.17500,93
32.18333,93
32.19167,93
32.20000,92
32.20833,92
32.21667,92
32.22500,91
32.23333,91
32.24167,91
32.25000,91
32.25833,91
32.26667,91
32.27500,91
32.28333,91
32.29167,91
32.30000,91
32.30833,91
32.31667,90
32.32500,90
32.33333,90
32.34167,90
32.35000,89
32.35833,89
32.36667,89
32.37500,89
32.38333,89
32.39167,89
32.40000,88
32.40833,88
32.41667,88
32.42500,88
32.43333,87
32.44167,87
32.45000,87
32.45833,87
32.46667,87
32.47500,87
32.48333,86
32.49167,87
32.50000,87
32.50833,86
32.51667,87
32.52500,87
32.53333,87
32.54167,87
32.55000,86
32.55833,86
32.56667,86
32.57500,86
32.58333,86
32.59167,86
32.60000,86
32.60833,86
32.61667,86
32.62500,86
32.63333,86
32.64167,87
32.65000,87
32.65833,87
32.66667,87
32.67500,87
32.68333,87
32.69167,87
32.70000,86
32.70833,86
32.71667,86
32.72500,87
32.73333,87
32.74167,87
32.75000,88
32.75833,88
32.76667,88
32.77500,88
32.78333,89
32.79167,89
32.80000,89
32.80833,89
32.81667,90
32.82500,90
32.83333,90
32.84167,91
32.85000,92
32.85833,92
32.86667,92
32.87500,93
32.88333,93
32.89167,93
32.90000,94
32.90833,95
32.91667,95
32.92500,96
32.93333,96
32.94167,96
32.95000,96
32.95833,97
32.96667,97
32.97500,98
32.98333,99
32.99167,99
33.00000,100
33.00833,100
33.01667,100
33.02500,100
33.03333,101
33.04167,101
33.05000,101
33.05833,101
33.06667,101
33.07500,102
33.08333,102
33.09167,102
33.10000,103
33.10833,103
33.11667,103
33.12500,103
33.13333,103
33.14167,102
33.15000,102
33.15833,102
33.16667,102
33.17500,102
33.18333,102
33.19167,101
33.20000,101
33.20833,101
33.21667,101
33.22500,100
33.23333,100
33.24167,100
33.25000,99
33.25833,99
33.26667,98
33.27500,98
33.28333,97
33.29167,96
33.30000,96
33.30833,96
33.31667,95
33.32500,94
33.33333,94
33.34167,93
33.35000,93
33.35833,92
33.36667,92
33.37500,91
33.38333,90
33.39167,89
33.40000,88
33.40833,87
33.41667,86
33.42500,86
33.43333,85
33.44167,84
33.45000,84
33.45833,84
33.46667,84
33.47500,83
33.48333,83
33.49167,82
33.50000,82
33.50833,81
33.51667,81
33.52500,80
33.53333,80
33.54167,79
33.55000,79
33.55833,79
33.56667,79
33.57500,79
33.58333,79
33.59167,79
33.60000,79
33.60833,78
33.61667,78
33.62500,78
33.63333,78
33.64167,78
33.65000,78
33.65833,78
33.66667,78
33.67500,79
33.68333,80
33.69167,80
33.70000,80
33.70833,80
33.71667,80
33.72500,80
33.73333,80
33.74167,80
33.75000,80
33.75833,80
33.76667,80
33.77500,81
33.78333,81
33.79167,81
33.80000,81
33.80833,81
33.81667,81
33.82500,82
33.83333,82
33.84167,82
33.85000,83
33.85833,83
33.86667,83
33.87500,83
33.88333,84
33.89167,84
33.90000,84
33.90833,84
33.91667,85
33.92500,85
33.93333,86
33.94167,86
33.95000,86
33.95833,86
33.96667,86
33.97500,87
33.98333,86
33.99167,86
34.00000,87
34.00833,87
34.01667,88
34.02500,88
34.03333,89
34.04167,89
34.05000,89
34.05833,89
34.06667,89
34.07500,89
34.08333,90
34.09167,90
34.10000,91
34.10833,91
34.11667,91
34.12500,92
34.13333,92
34.14167,93
34.15000,93
34.15833,93
34.16667,93
34.17500,93
34.18333,93
34.19167,93
34.20000,94
34.20833,94
34.21667,95
34.22500,95
34.23333,96
34.24167,96
34.25000,97
34.25833,97
34.26667,96
34.27500,96
34.28333,96
34.29167,97
34.30000,97
34.30833,97
34.31667,98
34.32500,98
34.33333,99
34.34167,99
34.35000,99
34.35833,100
34.36667,100
34.37500,100
34.38333,100
34.39167,100
34.40000,100
34.40833,100
34.41667,100
34.42500,100
34.43333,100
34.44167,100
34.45000,101
34.45833,101
34.46667,101
34.47500,101
34.48333,101
34.49167,101
34.50000,101
34.50833,102
34.51667,101
34.52500,101
34.53333,102
34.54167,102
34.55000,102
34.55833,102
34.56667,102
34.57500,102
34.58333,102
34.59167,102
34.60000,101
34.60833,101
34.61667,101
34.62500,101
34.63333,101
34.64167,101
34.65000,101
34.65833,101
34.66667,101
34.67500,101
34.68333,101
34.69167,101
34.70000,101
34.70833,101
34.71667,101
34.72500,100
34.73333,100
34.74167,100
34.75000,99
34.75833,99
34.76667,99
34.77500,99
34.78333,99
34.79167,98
34.80000,98
34.80833,97
34.81667,97
34.82500,96
34.83333,96
34.84167,95
34.85000,95
34.85833,94
34.86667,94
34.87500,94
34.88333,94
34.89167,94
34.90000,94
34.90833,93
34.91667,93
34.92500,93
34.93333,93
34.94167,92
34.95000,92
34.95833,92
34.96667,92
34.97500,93
34.98333,93
34.99167,93
35.00000,93
35.00833,93
35.01667,92
35.02500,92
35.03333,92
35.04167,92
35.05000,91
35.05833,91
35.06667,91
35.07500,91
35.08333,91
35.09167,91
35.10000,91
35.10833,91
35.11667,91
35.12500,91
35.13333,90
35.14167,90
35.15000,90
35.15833,91
35.16667,91
35.17500,90
35.18333,90
35.19167,90
35.20000,90
35.20833,90
35.21667,90
35.22500,90
35.23333,90
35.24167,90
35.25000,90
35.25833,90
35.26667,91
35.27500,91
35.28333,91
35.29167,91
35.30000,91
35.30833,91
35.31667,91
35.32500,91
35.33333,91
35.34167,91
35.35000,91
35.35833,91
35.36667,91
35.37500,92
35.38333,92
35.39167,92
35.40000,92
35.40833,93
35.41667,93
35.42500,93
35.43333,93
35.44167,93
35.45000,94
35.45833,94
35.46667,95
35.47500,95
35.48333,95
35.49167,95
35.50000,95
35.50833,95
35.51667,95
35.52500,96
35.53333,96
35.54167,97
35.55000,97
35.55833,97
35.56667,97
35.57500,97
35.58333,97
35.59167,97
35.60000,98
35.60833,98
35.61667,98
35.62500,98
35.63333,98
35.64167,98
35.65000,98
35.65833,98
35.66667,99
35.67500,99
35.68333,99
35.69167,99
35.70000,99
35.70833,99
35.71667,99
35.72500,100
35.73333,100
35.74167,100
35.75000,100
35.75833,100
35.76667,100
35.77500,99
35.78333,99
35.79167,99
35.80000,99
35.80833,99
35.81667,98
35.82500,98
35.83333,98
35.84167,98
35.85000,98
35.85833,97
35.86667,97
35.87500,97
35.88333,97
35.89167,96
35.90000,96
35.90833,95
35.91667,95
35.92500,95
35.93333,94
35.94167,94
35.95000,93
35.95833,93
35.96667,93
35.97500,93
35.98333,92
35.99167,92
36.00000,92
36.00833,91
36.01667,91
36.02500,90
36.03333,90
36.04167,90
36.05000,90
36.05833,89
36.06667,89
36.07500,89
36.08333,88
36.09167,88
36.10000,88
36.10833,88
36.11667,87
36.12500,87
36.13333,87
36.14167,87
36.15000,87
36.15833,87
36.16667,86
36.17500,86
36.18333,86
36.19167,86
36.20000,86
36.20833,86
36.21667,86
36.22500,87
36.23333,87
36.24167,88
36.25000,88
36.25833,88
36.26667,88
36.27500,88
36.28333,88
36.29167,88
36.30000,88
36.30833,88
36.31667,88
36.32500,88
36.33333,88
36.34167,88
36.35000,88
36.35833,89
36.36667,89
36.37500,89
36.38333,90
36.39167,90
36.40000,90
36.40833,90
36.41667,91
36.42500,91
36.43333,91
36.44167,91
36.45000,91
36.45833,91
36.46667,91
36.47500,91
36.48333,91
36.49167,91
36.50000,90
36.50833,90
36.51667,90
36.52500,91
36.53333,90
36.54167,91
36.55000,91
36.55833,91
36.56667,91
36.57500,91
36.58333,91
36.59167,91
36.60000,91
36.60833,91
36.61667,91
36.62500,91
36.63333,91
36.64167,91
36.65000,92
36.65833,91
36.66667,91
36.67500,91
36.68333,91
36.69167,91
36.70000,91
36.70833,91
36.71667,91
36.72500,91
36.73333,92
36.74167,91
36.75000,91
36.75833,92
36.76667,92
36.77500,92
36.78333,92
36.79167,93
36.80000,93
36.80833,92
36.81667,92
36.82500,92
36.83333,92
36.84167,92
36.85000,93
36.85833,93
36.86667,93
36.87500,93
36.88333,94
36.89167,94
36.90000,94
36.90833,94
36.91667,94
36.92500,95
36.93333,95
36.94167,95
36.95000,95
36.95833,95
36.96667,95
36.97500,95
36.98333,96
36.99167,96
37.00000,97
37.00833,98
37.01667,98
37.02500,98
37.03333,99
37.04167,99
37.05000,99
37.05833,100
37.06667,100
37.07500,100
37.08333,100
37.09167,100
37.10000,100
37.10833,101
37.11667,101
37.12500,101
37.13333,102
37.14167,102
37.15000,103
37.15833,103
37.16667,103
37.17500,104
37.18333,104
37.19167,105
37.20000,105
37.20833,106
37.21667,106
37.22500,106
37.23333,107
37.24167,108
37.25000,108
37.25833,108
37.26667,109
37.27500,109
37.28333,110
37.29167,110
37.30000,110
37.30833,111
37.31667,111
37.32500,111
37.33333,111
37.34167,112
37.35000,112
37.35833,112
37.36667,112
37.37500,113
37.38333,113
37.39167,113
37.40000,113
37.40833,113
37.41667,113
37.42500,113
37.43333,113
37.44167,113
37.45000,113
37.45833,112
37.46667,112
37.47500,112
37.48333,112
37.49167,112
37.50000,111
37.50833,111
37.51667,111
37.52500,110
37.53333,110
37.54167,110
37.55000,109
37.55833,109
37.56667,108
37.57500,108
37.58333,107
37.59167,107
37.60000,106
37.60833,105
37.61667,105
37.62500,104
37.63333,104
37.64167,104
37.65000,103
37.65833,103
37.66667,103
37.67500,102
37.68333,102
37.69167,102
37.70000,101
37.70833,101
37.71667,101
37.72500,100
37.73333,99
37.74167,99
37.75000,98
37.75833,97
37.76667,97
37.77500,97
37.78333,97
37.79167,96
37.80000,96
37.80833,95
37.81667,95
37.82500,95
37.83333,95
37.84167,95
37.85000,95
37.85833,95
37.86667,95
37.87500,94
37.88333,94
37.89167,93
37.90000,93
37.90833,93
37.91667,93
37.92500,93
37.93333,93
37.94167,93
37.95000,93
37.95833,94
37.96667,94
37.97500,94
37.98333,94
37.99167,94
38.00000,94
38.00833,94
38.01667,94
38.02500,94
38.03333,94
38.04167,94
38.05000,94
38.05833,95
38.06667,95
38.07500,95
38.08333,95
38.09167,96
38.10000,96
38.10833,96
38.11667,96
38.12500,97
38.13333,97
38.14167,97
38.15000,98
38.15833,98
38.16667,99
38.17500,99
38.18333,99
38.19167,99
38.20000,100
38.20833,100
38.21667,100
38.22500,101
38.23333,101
38.24167,102
38.25000,102
38.25833,102
38.26667,103
38.27500,103
38.28333,103
38.29167,103
38.30000,103
38.30833,104
38.31667,104
38.32500,105
38.33333,105
38.34167,105
38.35000,106
38.35833,106
38.36667,106
38.37500,107
38.38333,107
38.39167,107
38.40000,107
38.40833,107
38.41667,107
38.42500,107
38.43333,108
38.44167,108
38.45000,108
38.45833,108
38.46667,108
38.47500,108
38.48333,109
38.49167,109
38.50000,109
38.50833,109
38.51667,110
38.52500,110
38.53333,110
38.54167,110
38.55000,110
38.55833,111
38.56667,111
38.57500,111
38.58333,111
38.59167,111
38.60000,111
38.60833,111
38.61667,111
38.62500,112
38.63333,112
38.64167,112
38.65000,113
38.65833,113
38.66667,113
38.67500,113
38.68333,113
38.69167,113
38.70000,113
38.70833,114
38.71667,114
38.72500,114
38.73333,114
38.74167,114
38.75000,114
38.75833,115
38.76667,115
38.77500,115
38.78333,115
38.79167,116
38.80000,116
38.80833,116
38.81667,116
38.82500,115
38.83333,115
38.84167,115
38.85000,115
38.85833,115
38.86667,115
38.87500,115
38.88333,114
38.89167,114
38.90000,113
38.90833,113
38.91667,113
38.92500,113
38.93333,112
38.94167,112
38.95000,112
38.95833,111
38.96667,110
38.97500,110
38.98333,110
38.99167,109
39.00000,109
39.00833,108
39.01667,108
39.02500,107
39.03333,107
39.04167,106
39.05000,105
39.05833,105
39.06667,105
39.07500,105
39.08333,104
39.09167,103
39.10000,103
39.10833,102
39.11667,102
39.12500,102
39.13333,101
39.14167,101
39.15000,100
39.15833,99
39.16667,99
39.17500,98
39.18333,97
39.19167,96
39.20000,96
39.20833,95
39.21667,94
39.22500,94
39.23333,94
39.24167,94
39.25000,93
39.25833,93
39.26667,93
39.27500,93
39.28333,93
39.29167,93
39.30000,93
39.30833,93
39.31667,94
39.32500,94
39.33333,94
39.34167,94
39.35000,95
39.35833,95
39.36667,95
39.37500,95
39.38333,95
39.39167,95
39.40000,96
39.40833,96
39.41667,97
39.42500,98
39.43333,99
39.44167,99
39.45000,100
39.45833,100
39.46667,101
39.47500,102
39.48333,103
39.49167,103
39.50000,104
39.50833,105
39.51667,105
39.52500,106
39.53333,107
39.54167,107
39.55000,108
39.55833,108
39.56667,109
39.57500,109
39.58333,110
39.59167,110
39.60000,110
39.60833,110
39.61667,111
39.62500,111
39.63333,110
39.64167,110
39.65000,110
39.65833,111
39.66667,111
39.67500,111
39.68333,111
39.69167,112
39.70000,112
39.70833,112
39.71667,112
39.72500,112
39.73333,112
39.74167,111
39.75000,111
39.75833,111
39.76667,111
39.77500,110
39.78333,110
39.79167,109
39.80000,109
39.80833,108
39.81667,108
39.82500,108
39.83333,108
39.84167,107
39.85000,107
39.85833,107
39.86667,106
39.87500,105
39.88333,104
39.89167,104
39.90000,104
39.90833,103
39.91667,103
39.92500,102
39.93333,101
39.94167,101
39.95000,101
39.95833,100
39.96667,100
39.97500,100
39.98333,100
39.99167,99
40.00000,99

