[Header]
Application Name,LabSolutions
Version,5.97 SP1
Data File Name,C:\Users\cremerlab\Desktop\griffin\2021-04-06_REL606_DM_glucose_turnover\2021-04-06_REL606_DM_glucose_turnover_462021_005_019.lcd
Output Date,4/7/2021
Output Time,7:23:43 AM

[File Information]
Type,Data File
Generated,4/7/2021 6:43:24 AM
Generated by,System Administrator
Modified,4/7/2021 7:23:43 AM
Modified by,System Administrator

[Sample Information]
Operator Name,System Administrator
Acquired,4/7/2021 6:43:42 AM
Sample Type,1:Standard
Level,5
Sample Name,2021-04-04_REL606_replicate_003_timepoint_005
Sample ID,005
ISTD Amount1,1
ISTD Amount2,1
ISTD Amount3,1
ISTD Amount4,1
ISTD Amount5,1
ISTD Amount6,1
ISTD Amount7,1
ISTD Amount8,1
ISTD Amount9,1
ISTD Amount10,1
ISTD Amount11,1
ISTD Amount12,1
ISTD Amount13,1
ISTD Amount14,1
ISTD Amount15,1
ISTD Amount16,1
ISTD Amount17,1
ISTD Amount18,1
ISTD Amount19,1
ISTD Amount20,1
ISTD Amount21,1
ISTD Amount22,1
ISTD Amount23,1
ISTD Amount24,1
ISTD Amount25,1
ISTD Amount26,1
ISTD Amount27,1
ISTD Amount28,1
ISTD Amount29,1
ISTD Amount30,1
ISTD Amount31,1
ISTD Amount32,1
Sample Amount,1
Dilution Factor,1
Vial#,23
Injection Volume,20

[Original Files]
Data File,C:\Users\cremerlab\Desktop\griffin\2021-04-06_REL606_DM_glucose_turnover\2021-04-06_REL606_DM_glucose_turnover_462021_005_019.lcd
Method File,C:\Users\cremerlab\Desktop\griffin\2.5mM_H2SO4_mobile_phase.lcm
Batch File,C:\Users\cremerlab\Desktop\griffin\2021-04-06_REL606_DM_glucose_turnover\2021-04-06_REL606_DM_glucose_turnover.lcb
Report Format File,c:\LabSolutions\System\DEFAULT.lsr

[File Description]


[Configuration]
Instrument Name,HPLC-PC-Instrument1
Instrument #,1
Line #,1
# of Detectors,2
Detector ID,Detector A,Detector B
Detector Name,Detector A,Detector B
# of Channels,1,1

[Peak Table(Detector A)]
# of Peaks,0

[Peak Table(Detector B)]
# of Peaks,6
Peak#,R.Time,I.Time,F.Time,Area,Height,A/H,Conc.,Mark,ID#,Name,k',Plate #,Plate Ht.,Tailing,Resolution,Sep.Factor,Area Ratio,Height Ratio,Conc. %,Norm Conc.
1,10.885,10.417,11.892,230272,13559,16.983,0.000,   ,,,0.000,9298,16.133,1.040,0.000,0.000,0,0,0.000,0.000
2,13.911,12.542,14.183,1620573,43695,37.088,0.000,   ,,,0.278,3197,46.925,0.000,4.216,0.000,0,0,0.000,0.000
3,14.331,14.183,14.975,162286,8544,18.994,0.000, V ,,,0.317,7267,20.641,0.000,0.507,1.139,0,0,0.000,0.000
4,15.677,14.975,17.575,951130,38001,25.029,0.000, V ,,,0.440,9271,16.179,1.149,2.034,1.391,0,0,0.000,0.000
5,19.093,18.775,19.550,2196,100,21.960,0.000,   ,,,0.754,16361,9.168,1.141,5.472,1.713,0,0,0.000,0.000
6,25.039,24.542,25.667,8347,285,29.266,0.000,   ,,,1.300,16033,9.356,1.076,8.567,1.724,0,0,0.000,0.000

[LC Chromatogram(Detector B-Ch1)]
Interval(msec),500
# of Points,4801
Start Time(min),0.000
End Time(min),40.000
Intensity Units,mV
Intensity Multiplier,0.001
R.Time (min),Intensity
0.00000,1
0.00833,1
0.01667,-0
0.02500,-0
0.03333,-1
0.04167,-1
0.05000,-1
0.05833,-1
0.06667,-1
0.07500,-1
0.08333,-1
0.09167,-1
0.10000,-1
0.10833,-2
0.11667,-2
0.12500,-3
0.13333,-3
0.14167,-3
0.15000,-3
0.15833,-3
0.16667,-3
0.17500,-4
0.18333,-4
0.19167,-4
0.20000,-4
0.20833,-5
0.21667,-5
0.22500,-5
0.23333,-5
0.24167,-6
0.25000,-6
0.25833,-6
0.26667,-7
0.27500,-7
0.28333,-7
0.29167,-7
0.30000,-8
0.30833,-8
0.31667,-8
0.32500,-8
0.33333,-8
0.34167,-8
0.35000,-8
0.35833,-8
0.36667,-9
0.37500,-9
0.38333,-9
0.39167,-9
0.40000,-9
0.40833,-9
0.41667,-10
0.42500,-10
0.43333,-10
0.44167,-11
0.45000,-11
0.45833,-11
0.46667,-11
0.47500,-11
0.48333,-11
0.49167,-11
0.50000,-11
0.50833,-11
0.51667,-11
0.52500,-10
0.53333,-10
0.54167,-10
0.55000,-10
0.55833,-10
0.56667,-10
0.57500,-9
0.58333,-9
0.59167,-9
0.60000,-9
0.60833,-9
0.61667,-9
0.62500,-9
0.63333,-9
0.64167,-9
0.65000,-9
0.65833,-9
0.66667,-9
0.67500,-9
0.68333,-9
0.69167,-8
0.70000,-8
0.70833,-8
0.71667,-8
0.72500,-8
0.73333,-7
0.74167,-7
0.75000,-7
0.75833,-7
0.76667,-6
0.77500,-6
0.78333,-6
0.79167,-6
0.80000,-6
0.80833,-5
0.81667,-4
0.82500,-4
0.83333,-3
0.84167,-3
0.85000,-3
0.85833,-2
0.86667,-2
0.87500,-2
0.88333,-2
0.89167,-1
0.90000,-1
0.90833,-1
0.91667,-1
0.92500,-0
0.93333,0
0.94167,1
0.95000,1
0.95833,2
0.96667,2
0.97500,3
0.98333,3
0.99167,3
1.00000,3
1.00833,3
1.01667,3
1.02500,4
1.03333,4
1.04167,4
1.05000,5
1.05833,5
1.06667,6
1.07500,6
1.08333,6
1.09167,6
1.10000,6
1.10833,6
1.11667,6
1.12500,6
1.13333,7
1.14167,7
1.15000,6
1.15833,6
1.16667,6
1.17500,7
1.18333,7
1.19167,7
1.20000,8
1.20833,8
1.21667,8
1.22500,8
1.23333,9
1.24167,9
1.25000,9
1.25833,8
1.26667,8
1.27500,8
1.28333,8
1.29167,8
1.30000,8
1.30833,8
1.31667,8
1.32500,8
1.33333,8
1.34167,8
1.35000,8
1.35833,8
1.36667,8
1.37500,8
1.38333,8
1.39167,8
1.40000,7
1.40833,8
1.41667,8
1.42500,8
1.43333,8
1.44167,8
1.45000,8
1.45833,8
1.46667,8
1.47500,8
1.48333,8
1.49167,8
1.50000,8
1.50833,8
1.51667,8
1.52500,8
1.53333,8
1.54167,7
1.55000,7
1.55833,6
1.56667,6
1.57500,6
1.58333,5
1.59167,5
1.60000,4
1.60833,4
1.61667,4
1.62500,3
1.63333,3
1.64167,3
1.65000,3
1.65833,2
1.66667,3
1.67500,2
1.68333,2
1.69167,2
1.70000,2
1.70833,2
1.71667,1
1.72500,1
1.73333,1
1.74167,1
1.75000,-0
1.75833,-1
1.76667,-1
1.77500,-1
1.78333,-1
1.79167,-1
1.80000,-1
1.80833,-1
1.81667,-2
1.82500,-2
1.83333,-2
1.84167,-2
1.85000,-2
1.85833,-3
1.86667,-3
1.87500,-3
1.88333,-3
1.89167,-4
1.90000,-4
1.90833,-4
1.91667,-4
1.92500,-4
1.93333,-5
1.94167,-4
1.95000,-4
1.95833,-5
1.96667,-5
1.97500,-5
1.98333,-5
1.99167,-6
2.00000,-6
2.00833,-6
2.01667,-6
2.02500,-5
2.03333,-5
2.04167,-5
2.05000,-6
2.05833,-6
2.06667,-6
2.07500,-5
2.08333,-5
2.09167,-6
2.10000,-6
2.10833,-6
2.11667,-6
2.12500,-6
2.13333,-6
2.14167,-6
2.15000,-5
2.15833,-5
2.16667,-4
2.17500,-4
2.18333,-3
2.19167,-3
2.20000,-3
2.20833,-3
2.21667,-3
2.22500,-2
2.23333,-2
2.24167,-2
2.25000,-2
2.25833,-2
2.26667,-2
2.27500,-2
2.28333,-2
2.29167,-2
2.30000,-2
2.30833,-2
2.31667,-2
2.32500,-2
2.33333,-1
2.34167,-1
2.35000,-1
2.35833,-0
2.36667,-0
2.37500,-0
2.38333,-0
2.39167,0
2.40000,0
2.40833,-0
2.41667,-0
2.42500,-0
2.43333,-1
2.44167,-1
2.45000,-1
2.45833,-0
2.46667,-0
2.47500,0
2.48333,0
2.49167,0
2.50000,0
2.50833,0
2.51667,-0
2.52500,-0
2.53333,-0
2.54167,-0
2.55000,-0
2.55833,-0
2.56667,-0
2.57500,0
2.58333,0
2.59167,0
2.60000,0
2.60833,1
2.61667,0
2.62500,0
2.63333,1
2.64167,1
2.65000,1
2.65833,2
2.66667,1
2.67500,1
2.68333,1
2.69167,1
2.70000,1
2.70833,1
2.71667,1
2.72500,1
2.73333,1
2.74167,0
2.75000,0
2.75833,0
2.76667,0
2.77500,1
2.78333,0
2.79167,0
2.80000,0
2.80833,1
2.81667,1
2.82500,2
2.83333,1
2.84167,1
2.85000,2
2.85833,2
2.86667,2
2.87500,2
2.88333,1
2.89167,1
2.90000,1
2.90833,1
2.91667,0
2.92500,0
2.93333,-0
2.94167,-0
2.95000,-1
2.95833,-1
2.96667,-1
2.97500,-2
2.98333,-2
2.99167,-2
3.00000,-2
3.00833,-2
3.01667,-2
3.02500,-3
3.03333,-3
3.04167,-4
3.05000,-4
3.05833,-4
3.06667,-5
3.07500,-6
3.08333,-6
3.09167,-6
3.10000,-6
3.10833,-6
3.11667,-6
3.12500,-6
3.13333,-6
3.14167,-7
3.15000,-7
3.15833,-7
3.16667,-7
3.17500,-7
3.18333,-7
3.19167,-7
3.20000,-7
3.20833,-7
3.21667,-7
3.22500,-7
3.23333,-7
3.24167,-7
3.25000,-7
3.25833,-6
3.26667,-6
3.27500,-6
3.28333,-6
3.29167,-5
3.30000,-5
3.30833,-5
3.31667,-4
3.32500,-4
3.33333,-3
3.34167,-3
3.35000,-2
3.35833,-2
3.36667,-1
3.37500,-1
3.38333,0
3.39167,1
3.40000,1
3.40833,2
3.41667,2
3.42500,3
3.43333,3
3.44167,4
3.45000,5
3.45833,5
3.46667,6
3.47500,7
3.48333,7
3.49167,8
3.50000,9
3.50833,10
3.51667,10
3.52500,10
3.53333,10
3.54167,10
3.55000,11
3.55833,12
3.56667,12
3.57500,13
3.58333,13
3.59167,13
3.60000,14
3.60833,14
3.61667,14
3.62500,15
3.63333,15
3.64167,15
3.65000,16
3.65833,16
3.66667,16
3.67500,17
3.68333,17
3.69167,17
3.70000,17
3.70833,17
3.71667,18
3.72500,18
3.73333,18
3.74167,18
3.75000,18
3.75833,18
3.76667,19
3.77500,18
3.78333,18
3.79167,19
3.80000,19
3.80833,19
3.81667,19
3.82500,20
3.83333,20
3.84167,20
3.85000,19
3.85833,18
3.86667,18
3.87500,18
3.88333,17
3.89167,17
3.90000,17
3.90833,17
3.91667,17
3.92500,17
3.93333,17
3.94167,16
3.95000,16
3.95833,16
3.96667,16
3.97500,16
3.98333,16
3.99167,15
4.00000,14
4.00833,14
4.01667,13
4.02500,13
4.03333,13
4.04167,13
4.05000,13
4.05833,13
4.06667,12
4.07500,12
4.08333,12
4.09167,11
4.10000,11
4.10833,11
4.11667,10
4.12500,10
4.13333,9
4.14167,9
4.15000,9
4.15833,9
4.16667,8
4.17500,8
4.18333,8
4.19167,7
4.20000,7
4.20833,7
4.21667,7
4.22500,7
4.23333,7
4.24167,7
4.25000,6
4.25833,6
4.26667,6
4.27500,6
4.28333,7
4.29167,7
4.30000,7
4.30833,6
4.31667,6
4.32500,6
4.33333,6
4.34167,6
4.35000,6
4.35833,6
4.36667,7
4.37500,7
4.38333,7
4.39167,7
4.40000,7
4.40833,7
4.41667,6
4.42500,6
4.43333,7
4.44167,7
4.45000,7
4.45833,7
4.46667,7
4.47500,7
4.48333,7
4.49167,7
4.50000,8
4.50833,8
4.51667,8
4.52500,8
4.53333,8
4.54167,8
4.55000,8
4.55833,8
4.56667,9
4.57500,9
4.58333,9
4.59167,9
4.60000,9
4.60833,10
4.61667,10
4.62500,10
4.63333,10
4.64167,10
4.65000,10
4.65833,10
4.66667,10
4.67500,9
4.68333,9
4.69167,9
4.70000,10
4.70833,10
4.71667,11
4.72500,11
4.73333,11
4.74167,11
4.75000,11
4.75833,11
4.76667,10
4.77500,10
4.78333,9
4.79167,9
4.80000,9
4.80833,9
4.81667,9
4.82500,8
4.83333,8
4.84167,8
4.85000,8
4.85833,7
4.86667,7
4.87500,7
4.88333,7
4.89167,7
4.90000,7
4.90833,7
4.91667,6
4.92500,6
4.93333,6
4.94167,6
4.95000,5
4.95833,5
4.96667,5
4.97500,4
4.98333,4
4.99167,4
5.00000,4
5.00833,4
5.01667,3
5.02500,3
5.03333,3
5.04167,2
5.05000,2
5.05833,2
5.06667,2
5.07500,2
5.08333,2
5.09167,2
5.10000,2
5.10833,2
5.11667,1
5.12500,1
5.13333,0
5.14167,-0
5.15000,-1
5.15833,-2
5.16667,-2
5.17500,-2
5.18333,-2
5.19167,-2
5.20000,-2
5.20833,-3
5.21667,-3
5.22500,-3
5.23333,-3
5.24167,-4
5.25000,-3
5.25833,-3
5.26667,-3
5.27500,-3
5.28333,-3
5.29167,-3
5.30000,-3
5.30833,-4
5.31667,-3
5.32500,-3
5.33333,-3
5.34167,-3
5.35000,-2
5.35833,-2
5.36667,-2
5.37500,-2
5.38333,-2
5.39167,-1
5.40000,-1
5.40833,-1
5.41667,-0
5.42500,0
5.43333,0
5.44167,0
5.45000,1
5.45833,2
5.46667,2
5.47500,3
5.48333,4
5.49167,4
5.50000,5
5.50833,5
5.51667,4
5.52500,4
5.53333,5
5.54167,5
5.55000,5
5.55833,6
5.56667,7
5.57500,8
5.58333,8
5.59167,8
5.60000,8
5.60833,8
5.61667,8
5.62500,8
5.63333,9
5.64167,9
5.65000,10
5.65833,10
5.66667,10
5.67500,10
5.68333,10
5.69167,11
5.70000,11
5.70833,11
5.71667,11
5.72500,11
5.73333,12
5.74167,12
5.75000,11
5.75833,11
5.76667,11
5.77500,11
5.78333,11
5.79167,12
5.80000,11
5.80833,11
5.81667,11
5.82500,11
5.83333,11
5.84167,11
5.85000,11
5.85833,11
5.86667,11
5.87500,11
5.88333,11
5.89167,10
5.90000,10
5.90833,10
5.91667,9
5.92500,9
5.93333,9
5.94167,9
5.95000,9
5.95833,8
5.96667,8
5.97500,8
5.98333,8
5.99167,8
6.00000,8
6.00833,8
6.01667,8
6.02500,9
6.03333,9
6.04167,9
6.05000,9
6.05833,10
6.06667,10
6.07500,9
6.08333,9
6.09167,9
6.10000,9
6.10833,9
6.11667,10
6.12500,10
6.13333,10
6.14167,10
6.15000,10
6.15833,11
6.16667,11
6.17500,11
6.18333,11
6.19167,12
6.20000,12
6.20833,12
6.21667,12
6.22500,13
6.23333,13
6.24167,13
6.25000,13
6.25833,14
6.26667,14
6.27500,14
6.28333,14
6.29167,14
6.30000,14
6.30833,14
6.31667,15
6.32500,15
6.33333,15
6.34167,15
6.35000,16
6.35833,16
6.36667,16
6.37500,16
6.38333,16
6.39167,16
6.40000,16
6.40833,16
6.41667,16
6.42500,16
6.43333,16
6.44167,16
6.45000,15
6.45833,15
6.46667,15
6.47500,15
6.48333,15
6.49167,15
6.50000,15
6.50833,15
6.51667,15
6.52500,15
6.53333,15
6.54167,15
6.55000,15
6.55833,15
6.56667,15
6.57500,14
6.58333,14
6.59167,14
6.60000,13
6.60833,13
6.61667,13
6.62500,12
6.63333,12
6.64167,12
6.65000,12
6.65833,12
6.66667,12
6.67500,12
6.68333,11
6.69167,11
6.70000,11
6.70833,11
6.71667,11
6.72500,11
6.73333,11
6.74167,10
6.75000,10
6.75833,10
6.76667,10
6.77500,10
6.78333,10
6.79167,10
6.80000,10
6.80833,10
6.81667,9
6.82500,9
6.83333,9
6.84167,9
6.85000,9
6.85833,9
6.86667,9
6.87500,9
6.88333,9
6.89167,9
6.90000,10
6.90833,10
6.91667,10
6.92500,11
6.93333,11
6.94167,11
6.95000,12
6.95833,12
6.96667,12
6.97500,13
6.98333,13
6.99167,13
7.00000,13
7.00833,13
7.01667,13
7.02500,13
7.03333,13
7.04167,13
7.05000,14
7.05833,14
7.06667,15
7.07500,15
7.08333,15
7.09167,15
7.10000,15
7.10833,15
7.11667,16
7.12500,16
7.13333,16
7.14167,16
7.15000,16
7.15833,16
7.16667,16
7.17500,16
7.18333,15
7.19167,15
7.20000,15
7.20833,15
7.21667,16
7.22500,16
7.23333,16
7.24167,16
7.25000,16
7.25833,16
7.26667,16
7.27500,17
7.28333,17
7.29167,17
7.30000,17
7.30833,17
7.31667,17
7.32500,17
7.33333,17
7.34167,17
7.35000,17
7.35833,18
7.36667,18
7.37500,18
7.38333,18
7.39167,18
7.40000,18
7.40833,19
7.41667,19
7.42500,19
7.43333,19
7.44167,19
7.45000,20
7.45833,20
7.46667,20
7.47500,20
7.48333,20
7.49167,20
7.50000,20
7.50833,21
7.51667,21
7.52500,22
7.53333,22
7.54167,22
7.55000,22
7.55833,22
7.56667,23
7.57500,23
7.58333,24
7.59167,24
7.60000,24
7.60833,24
7.61667,24
7.62500,24
7.63333,24
7.64167,24
7.65000,24
7.65833,24
7.66667,24
7.67500,23
7.68333,23
7.69167,23
7.70000,23
7.70833,23
7.71667,23
7.72500,23
7.73333,24
7.74167,23
7.75000,23
7.75833,23
7.76667,23
7.77500,23
7.78333,23
7.79167,23
7.80000,23
7.80833,23
7.81667,23
7.82500,22
7.83333,22
7.84167,22
7.85000,22
7.85833,21
7.86667,21
7.87500,21
7.88333,21
7.89167,20
7.90000,20
7.90833,20
7.91667,20
7.92500,19
7.93333,19
7.94167,19
7.95000,18
7.95833,18
7.96667,18
7.97500,17
7.98333,17
7.99167,17
8.00000,17
8.00833,17
8.01667,17
8.02500,17
8.03333,16
8.04167,16
8.05000,16
8.05833,16
8.06667,17
8.07500,17
8.08333,17
8.09167,17
8.10000,17
8.10833,18
8.11667,18
8.12500,18
8.13333,18
8.14167,18
8.15000,18
8.15833,18
8.16667,18
8.17500,17
8.18333,18
8.19167,18
8.20000,18
8.20833,18
8.21667,18
8.22500,19
8.23333,19
8.24167,19
8.25000,19
8.25833,19
8.26667,20
8.27500,21
8.28333,21
8.29167,21
8.30000,21
8.30833,21
8.31667,21
8.32500,22
8.33333,22
8.34167,22
8.35000,22
8.35833,23
8.36667,23
8.37500,23
8.38333,23
8.39167,23
8.40000,24
8.40833,24
8.41667,24
8.42500,24
8.43333,24
8.44167,24
8.45000,24
8.45833,24
8.46667,24
8.47500,24
8.48333,25
8.49167,25
8.50000,25
8.50833,25
8.51667,25
8.52500,25
8.53333,25
8.54167,25
8.55000,25
8.55833,26
8.56667,26
8.57500,26
8.58333,26
8.59167,26
8.60000,26
8.60833,26
8.61667,25
8.62500,25
8.63333,25
8.64167,25
8.65000,25
8.65833,25
8.66667,25
8.67500,25
8.68333,25
8.69167,25
8.70000,25
8.70833,25
8.71667,25
8.72500,24
8.73333,24
8.74167,24
8.75000,23
8.75833,23
8.76667,23
8.77500,23
8.78333,23
8.79167,23
8.80000,23
8.80833,23
8.81667,22
8.82500,22
8.83333,21
8.84167,22
8.85000,22
8.85833,22
8.86667,21
8.87500,21
8.88333,20
8.89167,20
8.90000,20
8.90833,20
8.91667,19
8.92500,19
8.93333,19
8.94167,19
8.95000,20
8.95833,20
8.96667,20
8.97500,20
8.98333,19
8.99167,18
9.00000,17
9.00833,17
9.01667,16
9.02500,16
9.03333,16
9.04167,15
9.05000,15
9.05833,15
9.06667,15
9.07500,15
9.08333,14
9.09167,14
9.10000,14
9.10833,13
9.11667,13
9.12500,13
9.13333,13
9.14167,12
9.15000,12
9.15833,12
9.16667,12
9.17500,12
9.18333,12
9.19167,12
9.20000,12
9.20833,12
9.21667,11
9.22500,11
9.23333,11
9.24167,11
9.25000,11
9.25833,10
9.26667,10
9.27500,10
9.28333,11
9.29167,11
9.30000,11
9.30833,11
9.31667,11
9.32500,11
9.33333,12
9.34167,12
9.35000,11
9.35833,12
9.36667,12
9.37500,11
9.38333,11
9.39167,11
9.40000,11
9.40833,11
9.41667,11
9.42500,11
9.43333,12
9.44167,12
9.45000,12
9.45833,12
9.46667,13
9.47500,13
9.48333,13
9.49167,14
9.50000,14
9.50833,14
9.51667,14
9.52500,14
9.53333,14
9.54167,14
9.55000,15
9.55833,15
9.56667,15
9.57500,15
9.58333,15
9.59167,15
9.60000,16
9.60833,16
9.61667,17
9.62500,17
9.63333,18
9.64167,17
9.65000,18
9.65833,18
9.66667,18
9.67500,18
9.68333,19
9.69167,19
9.70000,19
9.70833,19
9.71667,19
9.72500,20
9.73333,20
9.74167,20
9.75000,21
9.75833,21
9.76667,21
9.77500,21
9.78333,21
9.79167,21
9.80000,21
9.80833,21
9.81667,22
9.82500,22
9.83333,22
9.84167,22
9.85000,22
9.85833,22
9.86667,22
9.87500,22
9.88333,23
9.89167,23
9.90000,23
9.90833,23
9.91667,24
9.92500,24
9.93333,24
9.94167,25
9.95000,25
9.95833,25
9.96667,25
9.97500,25
9.98333,25
9.99167,26
10.00000,26
10.00833,27
10.01667,27
10.02500,28
10.03333,28
10.04167,28
10.05000,29
10.05833,29
10.06667,29
10.07500,30
10.08333,30
10.09167,30
10.10000,31
10.10833,31
10.11667,32
10.12500,32
10.13333,33
10.14167,33
10.15000,33
10.15833,34
10.16667,34
10.17500,34
10.18333,34
10.19167,35
10.20000,35
10.20833,35
10.21667,36
10.22500,36
10.23333,36
10.24167,36
10.25000,37
10.25833,37
10.26667,37
10.27500,37
10.28333,37
10.29167,37
10.30000,37
10.30833,37
10.31667,37
10.32500,37
10.33333,37
10.34167,36
10.35000,36
10.35833,36
10.36667,36
10.37500,36
10.38333,36
10.39167,37
10.40000,36
10.40833,36
10.41667,37
10.42500,38
10.43333,39
10.44167,40
10.45000,41
10.45833,43
10.46667,46
10.47500,49
10.48333,53
10.49167,58
10.50000,64
10.50833,73
10.51667,84
10.52500,98
10.53333,116
10.54167,139
10.55000,167
10.55833,202
10.56667,245
10.57500,298
10.58333,362
10.59167,440
10.60000,532
10.60833,641
10.61667,769
10.62500,917
10.63333,1088
10.64167,1284
10.65000,1508
10.65833,1759
10.66667,2041
10.67500,2354
10.68333,2699
10.69167,3077
10.70000,3487
10.70833,3929
10.71667,4402
10.72500,4905
10.73333,5434
10.74167,5987
10.75000,6561
10.75833,7151
10.76667,7752
10.77500,8359
10.78333,8966
10.79167,9565
10.80000,10149
10.80833,10712
10.81667,11245
10.82500,11741
10.83333,12192
10.84167,12590
10.85000,12929
10.85833,13203
10.86667,13406
10.87500,13535
10.88333,13588
10.89167,13561
10.90000,13456
10.90833,13273
10.91667,13017
10.92500,12692
10.93333,12303
10.94167,11857
10.95000,11363
10.95833,10829
10.96667,10263
10.97500,9673
10.98333,9070
10.99167,8461
11.00000,7854
11.00833,7256
11.01667,6673
11.02500,6109
11.03333,5570
11.04167,5058
11.05000,4575
11.05833,4124
11.06667,3705
11.07500,3317
11.08333,2962
11.09167,2637
11.10000,2341
11.10833,2074
11.11667,1833
11.12500,1617
11.13333,1423
11.14167,1251
11.15000,1098
11.15833,962
11.16667,843
11.17500,737
11.18333,645
11.19167,564
11.20000,493
11.20833,431
11.21667,377
11.22500,331
11.23333,291
11.24167,256
11.25000,227
11.25833,202
11.26667,181
11.27500,163
11.28333,147
11.29167,134
11.30000,123
11.30833,114
11.31667,107
11.32500,101
11.33333,96
11.34167,91
11.35000,88
11.35833,85
11.36667,82
11.37500,80
11.38333,78
11.39167,77
11.40000,75
11.40833,74
11.41667,73
11.42500,71
11.43333,70
11.44167,69
11.45000,67
11.45833,66
11.46667,65
11.47500,63
11.48333,62
11.49167,61
11.50000,60
11.50833,59
11.51667,57
11.52500,56
11.53333,54
11.54167,53
11.55000,51
11.55833,50
11.56667,48
11.57500,47
11.58333,46
11.59167,44
11.60000,43
11.60833,41
11.61667,40
11.62500,38
11.63333,37
11.64167,36
11.65000,34
11.65833,32
11.66667,31
11.67500,30
11.68333,30
11.69167,28
11.70000,27
11.70833,26
11.71667,25
11.72500,24
11.73333,24
11.74167,23
11.75000,22
11.75833,21
11.76667,20
11.77500,19
11.78333,19
11.79167,18
11.80000,18
11.80833,17
11.81667,16
11.82500,16
11.83333,15
11.84167,15
11.85000,14
11.85833,14
11.86667,13
11.87500,13
11.88333,12
11.89167,12
11.90000,12
11.90833,11
11.91667,11
11.92500,10
11.93333,10
11.94167,10
11.95000,10
11.95833,10
11.96667,11
11.97500,11
11.98333,11
11.99167,11
12.00000,11
12.00833,11
12.01667,11
12.02500,12
12.03333,12
12.04167,12
12.05000,12
12.05833,13
12.06667,12
12.07500,12
12.08333,13
12.09167,13
12.10000,14
12.10833,14
12.11667,14
12.12500,14
12.13333,15
12.14167,15
12.15000,16
12.15833,16
12.16667,16
12.17500,17
12.18333,17
12.19167,17
12.20000,17
12.20833,17
12.21667,17
12.22500,17
12.23333,17
12.24167,17
12.25000,18
12.25833,18
12.26667,19
12.27500,19
12.28333,20
12.29167,20
12.30000,20
12.30833,20
12.31667,20
12.32500,20
12.33333,21
12.34167,21
12.35000,21
12.35833,21
12.36667,21
12.37500,21
12.38333,22
12.39167,23
12.40000,23
12.40833,23
12.41667,24
12.42500,24
12.43333,24
12.44167,25
12.45000,25
12.45833,25
12.46667,25
12.47500,25
12.48333,25
12.49167,26
12.50000,26
12.50833,27
12.51667,28
12.52500,28
12.53333,28
12.54167,29
12.55000,30
12.55833,30
12.56667,31
12.57500,33
12.58333,34
12.59167,37
12.60000,39
12.60833,42
12.61667,46
12.62500,50
12.63333,56
12.64167,62
12.65000,70
12.65833,80
12.66667,92
12.67500,106
12.68333,122
12.69167,141
12.70000,163
12.70833,189
12.71667,219
12.72500,254
12.73333,293
12.74167,337
12.75000,386
12.75833,441
12.76667,502
12.77500,569
12.78333,642
12.79167,721
12.80000,808
12.80833,900
12.81667,1000
12.82500,1106
12.83333,1220
12.84167,1340
12.85000,1466
12.85833,1599
12.86667,1739
12.87500,1884
12.88333,2036
12.89167,2194
12.90000,2358
12.90833,2527
12.91667,2703
12.92500,2883
12.93333,3069
12.94167,3260
12.95000,3456
12.95833,3656
12.96667,3861
12.97500,4069
12.98333,4282
12.99167,4499
13.00000,4720
13.00833,4945
13.01667,5173
13.02500,5405
13.03333,5641
13.04167,5880
13.05000,6121
13.05833,6366
13.06667,6614
13.07500,6865
13.08333,7118
13.09167,7375
13.10000,7634
13.10833,7896
13.11667,8160
13.12500,8428
13.13333,8698
13.14167,8970
13.15000,9245
13.15833,9523
13.16667,9803
13.17500,10085
13.18333,10370
13.19167,10657
13.20000,10947
13.20833,11239
13.21667,11533
13.22500,11829
13.23333,12128
13.24167,12430
13.25000,12733
13.25833,13040
13.26667,13348
13.27500,13658
13.28333,13971
13.29167,14286
13.30000,14604
13.30833,14924
13.31667,15246
13.32500,15570
13.33333,15897
13.34167,16227
13.35000,16559
13.35833,16893
13.36667,17230
13.37500,17568
13.38333,17909
13.39167,18253
13.40000,18599
13.40833,18948
13.41667,19299
13.42500,19653
13.43333,20010
13.44167,20368
13.45000,20729
13.45833,21093
13.46667,21459
13.47500,21828
13.48333,22200
13.49167,22574
13.50000,22951
13.50833,23331
13.51667,23714
13.52500,24099
13.53333,24487
13.54167,24877
13.55000,25270
13.55833,25666
13.56667,26064
13.57500,26466
13.58333,26871
13.59167,27279
13.60000,27689
13.60833,28102
13.61667,28518
13.62500,28937
13.63333,29359
13.64167,29784
13.65000,30212
13.65833,30643
13.66667,31077
13.67500,31514
13.68333,31954
13.69167,32397
13.70000,32843
13.70833,33292
13.71667,33744
13.72500,34199
13.73333,34658
13.74167,35120
13.75000,35585
13.75833,36053
13.76667,36525
13.77500,37000
13.78333,37478
13.79167,37959
13.80000,38443
13.80833,38930
13.81667,39420
13.82500,39911
13.83333,40403
13.84167,40893
13.85000,41378
13.85833,41851
13.86667,42304
13.87500,42726
13.88333,43102
13.89167,43413
13.90000,43637
13.90833,43748
13.91667,43721
13.92500,43529
13.93333,43148
13.94167,42558
13.95000,41746
13.95833,40704
13.96667,39434
13.97500,37948
13.98333,36265
13.99167,34412
14.00000,32424
14.00833,30339
14.01667,28196
14.02500,26038
14.03333,23901
14.04167,21822
14.05000,19830
14.05833,17951
14.06667,16203
14.07500,14600
14.08333,13148
14.09167,11851
14.10000,10708
14.10833,9715
14.11667,8865
14.12500,8151
14.13333,7564
14.14167,7094
14.15000,6731
14.15833,6464
14.16667,6286
14.17500,6184
14.18333,6151
14.19167,6177
14.20000,6254
14.20833,6372
14.21667,6525
14.22500,6703
14.23333,6900
14.24167,7109
14.25000,7322
14.25833,7533
14.26667,7738
14.27500,7930
14.28333,8105
14.29167,8259
14.30000,8387
14.30833,8488
14.31667,8559
14.32500,8598
14.33333,8605
14.34167,8579
14.35000,8520
14.35833,8430
14.36667,8309
14.37500,8160
14.38333,7983
14.39167,7783
14.40000,7561
14.40833,7321
14.41667,7064
14.42500,6795
14.43333,6515
14.44167,6229
14.45000,5937
14.45833,5644
14.46667,5351
14.47500,5060
14.48333,4774
14.49167,4493
14.50000,4221
14.50833,3957
14.51667,3702
14.52500,3459
14.53333,3226
14.54167,3006
14.55000,2798
14.55833,2601
14.56667,2415
14.57500,2241
14.58333,2079
14.59167,1929
14.60000,1789
14.60833,1660
14.61667,1540
14.62500,1430
14.63333,1328
14.64167,1235
14.65000,1149
14.65833,1070
14.66667,999
14.67500,933
14.68333,873
14.69167,818
14.70000,768
14.70833,723
14.71667,681
14.72500,644
14.73333,609
14.74167,578
14.75000,550
14.75833,524
14.76667,500
14.77500,478
14.78333,459
14.79167,440
14.80000,424
14.80833,409
14.81667,395
14.82500,383
14.83333,372
14.84167,362
14.85000,352
14.85833,344
14.86667,336
14.87500,329
14.88333,323
14.89167,317
14.90000,313
14.90833,308
14.91667,304
14.92500,300
14.93333,297
14.94167,295
14.95000,294
14.95833,293
14.96667,292
14.97500,292
14.98333,293
14.99167,293
15.00000,293
15.00833,295
15.01667,296
15.02500,298
15.03333,300
15.04167,303
15.05000,305
15.05833,309
15.06667,313
15.07500,317
15.08333,321
15.09167,326
15.10000,331
15.10833,337
15.11667,343
15.12500,350
15.13333,358
15.14167,367
15.15000,377
15.15833,388
15.16667,402
15.17500,417
15.18333,436
15.19167,458
15.20000,483
15.20833,514
15.21667,552
15.22500,596
15.23333,648
15.24167,710
15.25000,784
15.25833,871
15.26667,972
15.27500,1092
15.28333,1230
15.29167,1391
15.30000,1577
15.30833,1791
15.31667,2034
15.32500,2312
15.33333,2626
15.34167,2979
15.35000,3375
15.35833,3817
15.36667,4308
15.37500,4849
15.38333,5443
15.39167,6092
15.40000,6799
15.40833,7562
15.41667,8383
15.42500,9263
15.43333,10199
15.44167,11190
15.45000,12235
15.45833,13331
15.46667,14473
15.47500,15657
15.48333,16878
15.49167,18131
15.50000,19409
15.50833,20705
15.51667,22010
15.52500,23318
15.53333,24618
15.54167,25904
15.55000,27166
15.55833,28395
15.56667,29583
15.57500,30722
15.58333,31802
15.59167,32816
15.60000,33756
15.60833,34617
15.61667,35392
15.62500,36076
15.63333,36665
15.64167,37155
15.65000,37543
15.65833,37829
15.66667,38010
15.67500,38087
15.68333,38061
15.69167,37933
15.70000,37706
15.70833,37384
15.71667,36971
15.72500,36471
15.73333,35889
15.74167,35232
15.75000,34504
15.75833,33712
15.76667,32862
15.77500,31962
15.78333,31017
15.79167,30035
15.80000,29021
15.80833,27984
15.81667,26928
15.82500,25859
15.83333,24784
15.84167,23709
15.85000,22636
15.85833,21573
15.86667,20523
15.87500,19490
15.88333,18478
15.89167,17489
15.90000,16526
15.90833,15592
15.91667,14688
15.92500,13817
15.93333,12978
15.94167,12175
15.95000,11406
15.95833,10672
15.96667,9975
15.97500,9312
15.98333,8685
15.99167,8092
16.00000,7532
16.00833,7004
16.01667,6509
16.02500,6044
16.03333,5609
16.04167,5203
16.05000,4824
16.05833,4471
16.06667,4143
16.07500,3837
16.08333,3554
16.09167,3292
16.10000,3050
16.10833,2826
16.11667,2620
16.12500,2429
16.13333,2253
16.14167,2092
16.15000,1944
16.15833,1808
16.16667,1682
16.17500,1567
16.18333,1462
16.19167,1365
16.20000,1276
16.20833,1194
16.21667,1120
16.22500,1052
16.23333,989
16.24167,932
16.25000,880
16.25833,831
16.26667,787
16.27500,746
16.28333,709
16.29167,675
16.30000,644
16.30833,615
16.31667,589
16.32500,565
16.33333,543
16.34167,522
16.35000,503
16.35833,486
16.36667,470
16.37500,455
16.38333,441
16.39167,428
16.40000,416
16.40833,405
16.41667,394
16.42500,385
16.43333,375
16.44167,367
16.45000,359
16.45833,351
16.46667,345
16.47500,338
16.48333,332
16.49167,327
16.50000,321
16.50833,316
16.51667,311
16.52500,307
16.53333,302
16.54167,298
16.55000,295
16.55833,291
16.56667,287
16.57500,284
16.58333,281
16.59167,279
16.60000,276
16.60833,273
16.61667,271
16.62500,268
16.63333,265
16.64167,263
16.65000,262
16.65833,260
16.66667,257
16.67500,255
16.68333,253
16.69167,251
16.70000,249
16.70833,248
16.71667,246
16.72500,245
16.73333,243
16.74167,242
16.75000,241
16.75833,239
16.76667,238
16.77500,236
16.78333,235
16.79167,233
16.80000,232
16.80833,231
16.81667,229
16.82500,228
16.83333,226
16.84167,224
16.85000,223
16.85833,222
16.86667,221
16.87500,220
16.88333,219
16.89167,218
16.90000,217
16.90833,215
16.91667,215
16.92500,213
16.93333,212
16.94167,211
16.95000,210
16.95833,208
16.96667,207
16.97500,205
16.98333,204
16.99167,202
17.00000,201
17.00833,199
17.01667,198
17.02500,196
17.03333,195
17.04167,193
17.05000,192
17.05833,191
17.06667,189
17.07500,188
17.08333,186
17.09167,186
17.10000,185
17.10833,183
17.11667,182
17.12500,181
17.13333,180
17.14167,179
17.15000,177
17.15833,176
17.16667,174
17.17500,173
17.18333,171
17.19167,169
17.20000,168
17.20833,167
17.21667,165
17.22500,164
17.23333,162
17.24167,161
17.25000,159
17.25833,158
17.26667,157
17.27500,155
17.28333,153
17.29167,152
17.30000,151
17.30833,149
17.31667,148
17.32500,146
17.33333,145
17.34167,143
17.35000,142
17.35833,141
17.36667,139
17.37500,138
17.38333,137
17.39167,135
17.40000,134
17.40833,133
17.41667,132
17.42500,131
17.43333,130
17.44167,129
17.45000,128
17.45833,127
17.46667,127
17.47500,126
17.48333,126
17.49167,125
17.50000,124
17.50833,124
17.51667,123
17.52500,123
17.53333,122
17.54167,121
17.55000,121
17.55833,120
17.56667,120
17.57500,120
17.58333,120
17.59167,120
17.60000,119
17.60833,118
17.61667,118
17.62500,118
17.63333,118
17.64167,118
17.65000,119
17.65833,119
17.66667,119
17.67500,119
17.68333,119
17.69167,119
17.70000,119
17.70833,120
17.71667,120
17.72500,120
17.73333,121
17.74167,121
17.75000,121
17.75833,122
17.76667,122
17.77500,122
17.78333,122
17.79167,123
17.80000,123
17.80833,123
17.81667,123
17.82500,124
17.83333,123
17.84167,123
17.85000,123
17.85833,123
17.86667,124
17.87500,124
17.88333,124
17.89167,124
17.90000,124
17.90833,125
17.91667,125
17.92500,125
17.93333,125
17.94167,125
17.95000,125
17.95833,124
17.96667,125
17.97500,125
17.98333,125
17.99167,125
18.00000,125
18.00833,125
18.01667,125
18.02500,125
18.03333,125
18.04167,125
18.05000,125
18.05833,125
18.06667,125
18.07500,124
18.08333,124
18.09167,124
18.10000,124
18.10833,123
18.11667,123
18.12500,123
18.13333,122
18.14167,122
18.15000,122
18.15833,122
18.16667,122
18.17500,122
18.18333,122
18.19167,121
18.20000,121
18.20833,121
18.21667,121
18.22500,121
18.23333,120
18.24167,120
18.25000,120
18.25833,119
18.26667,119
18.27500,118
18.28333,118
18.29167,117
18.30000,117
18.30833,116
18.31667,115
18.32500,114
18.33333,114
18.34167,113
18.35000,112
18.35833,112
18.36667,112
18.37500,111
18.38333,110
18.39167,110
18.40000,109
18.40833,108
18.41667,108
18.42500,107
18.43333,106
18.44167,105
18.45000,103
18.45833,102
18.46667,102
18.47500,101
18.48333,100
18.49167,99
18.50000,99
18.50833,98
18.51667,97
18.52500,97
18.53333,95
18.54167,94
18.55000,94
18.55833,93
18.56667,93
18.57500,93
18.58333,93
18.59167,92
18.60000,91
18.60833,91
18.61667,91
18.62500,90
18.63333,90
18.64167,90
18.65000,90
18.65833,90
18.66667,89
18.67500,89
18.68333,89
18.69167,89
18.70000,89
18.70833,90
18.71667,90
18.72500,92
18.73333,92
18.74167,93
18.75000,94
18.75833,95
18.76667,97
18.77500,98
18.78333,99
18.79167,100
18.80000,102
18.80833,103
18.81667,106
18.82500,108
18.83333,110
18.84167,113
18.85000,115
18.85833,117
18.86667,121
18.87500,124
18.88333,127
18.89167,131
18.90000,134
18.90833,138
18.91667,142
18.92500,145
18.93333,149
18.94167,153
18.95000,156
18.95833,160
18.96667,163
18.97500,166
18.98333,170
18.99167,173
19.00000,176
19.00833,178
19.01667,181
19.02500,183
19.03333,184
19.04167,186
19.05000,188
19.05833,189
19.06667,189
19.07500,189
19.08333,189
19.09167,190
19.10000,189
19.10833,189
19.11667,188
19.12500,187
19.13333,185
19.14167,184
19.15000,182
19.15833,180
19.16667,178
19.17500,175
19.18333,172
19.19167,170
19.20000,167
19.20833,163
19.21667,160
19.22500,156
19.23333,153
19.24167,150
19.25000,146
19.25833,143
19.26667,140
19.27500,137
19.28333,134
19.29167,130
19.30000,127
19.30833,124
19.31667,121
19.32500,118
19.33333,115
19.34167,112
19.35000,110
19.35833,107
19.36667,105
19.37500,102
19.38333,100
19.39167,98
19.40000,96
19.40833,94
19.41667,92
19.42500,90
19.43333,89
19.44167,88
19.45000,87
19.45833,86
19.46667,85
19.47500,84
19.48333,83
19.49167,82
19.50000,81
19.50833,80
19.51667,79
19.52500,79
19.53333,79
19.54167,78
19.55000,78
19.55833,78
19.56667,77
19.57500,77
19.58333,77
19.59167,76
19.60000,76
19.60833,75
19.61667,75
19.62500,75
19.63333,74
19.64167,74
19.65000,74
19.65833,73
19.66667,73
19.67500,73
19.68333,73
19.69167,72
19.70000,72
19.70833,72
19.71667,72
19.72500,72
19.73333,72
19.74167,72
19.75000,72
19.75833,72
19.76667,72
19.77500,72
19.78333,71
19.79167,71
19.80000,71
19.80833,72
19.81667,72
19.82500,72
19.83333,71
19.84167,71
19.85000,71
19.85833,72
19.86667,72
19.87500,72
19.88333,71
19.89167,71
19.90000,71
19.90833,71
19.91667,70
19.92500,70
19.93333,70
19.94167,70
19.95000,69
19.95833,69
19.96667,69
19.97500,69
19.98333,69
19.99167,69
20.00000,69
20.00833,69
20.01667,69
20.02500,69
20.03333,69
20.04167,69
20.05000,70
20.05833,70
20.06667,69
20.07500,69
20.08333,69
20.09167,70
20.10000,70
20.10833,70
20.11667,69
20.12500,69
20.13333,69
20.14167,69
20.15000,69
20.15833,69
20.16667,70
20.17500,70
20.18333,70
20.19167,70
20.20000,70
20.20833,70
20.21667,70
20.22500,71
20.23333,71
20.24167,71
20.25000,71
20.25833,71
20.26667,71
20.27500,71
20.28333,71
20.29167,71
20.30000,71
20.30833,72
20.31667,71
20.32500,71
20.33333,71
20.34167,71
20.35000,71
20.35833,71
20.36667,71
20.37500,71
20.38333,71
20.39167,71
20.40000,71
20.40833,71
20.41667,71
20.42500,71
20.43333,71
20.44167,71
20.45000,71
20.45833,70
20.46667,70
20.47500,70
20.48333,70
20.49167,70
20.50000,70
20.50833,70
20.51667,70
20.52500,70
20.53333,69
20.54167,69
20.55000,69
20.55833,70
20.56667,70
20.57500,70
20.58333,70
20.59167,70
20.60000,69
20.60833,69
20.61667,69
20.62500,69
20.63333,68
20.64167,69
20.65000,68
20.65833,68
20.66667,69
20.67500,69
20.68333,68
20.69167,68
20.70000,68
20.70833,68
20.71667,68
20.72500,68
20.73333,68
20.74167,68
20.75000,68
20.75833,68
20.76667,68
20.77500,67
20.78333,67
20.79167,67
20.80000,67
20.80833,67
20.81667,67
20.82500,67
20.83333,67
20.84167,67
20.85000,67
20.85833,68
20.86667,68
20.87500,68
20.88333,68
20.89167,68
20.90000,68
20.90833,68
20.91667,67
20.92500,67
20.93333,67
20.94167,67
20.95000,67
20.95833,68
20.96667,68
20.97500,68
20.98333,68
20.99167,68
21.00000,68
21.00833,68
21.01667,68
21.02500,68
21.03333,68
21.04167,68
21.05000,68
21.05833,69
21.06667,69
21.07500,70
21.08333,70
21.09167,70
21.10000,70
21.10833,70
21.11667,70
21.12500,70
21.13333,70
21.14167,70
21.15000,70
21.15833,71
21.16667,71
21.17500,71
21.18333,71
21.19167,72
21.20000,72
21.20833,72
21.21667,72
21.22500,72
21.23333,72
21.24167,72
21.25000,72
21.25833,72
21.26667,73
21.27500,73
21.28333,73
21.29167,73
21.30000,73
21.30833,73
21.31667,73
21.32500,73
21.33333,73
21.34167,72
21.35000,72
21.35833,72
21.36667,72
21.37500,72
21.38333,72
21.39167,72
21.40000,72
21.40833,71
21.41667,71
21.42500,71
21.43333,71
21.44167,71
21.45000,70
21.45833,70
21.46667,70
21.47500,69
21.48333,69
21.49167,68
21.50000,68
21.50833,67
21.51667,67
21.52500,67
21.53333,66
21.54167,66
21.55000,66
21.55833,65
21.56667,65
21.57500,65
21.58333,65
21.59167,65
21.60000,64
21.60833,64
21.61667,63
21.62500,63
21.63333,62
21.64167,62
21.65000,61
21.65833,61
21.66667,61
21.67500,61
21.68333,60
21.69167,60
21.70000,60
21.70833,60
21.71667,60
21.72500,60
21.73333,60
21.74167,60
21.75000,59
21.75833,59
21.76667,59
21.77500,59
21.78333,58
21.79167,58
21.80000,58
21.80833,58
21.81667,58
21.82500,58
21.83333,59
21.84167,59
21.85000,59
21.85833,59
21.86667,59
21.87500,59
21.88333,59
21.89167,58
21.90000,58
21.90833,59
21.91667,59
21.92500,59
21.93333,59
21.94167,60
21.95000,60
21.95833,60
21.96667,60
21.97500,60
21.98333,61
21.99167,61
22.00000,61
22.00833,61
22.01667,61
22.02500,62
22.03333,62
22.04167,62
22.05000,61
22.05833,61
22.06667,61
22.07500,62
22.08333,62
22.09167,62
22.10000,62
22.10833,63
22.11667,63
22.12500,63
22.13333,64
22.14167,64
22.15000,64
22.15833,64
22.16667,64
22.17500,64
22.18333,64
22.19167,64
22.20000,64
22.20833,64
22.21667,64
22.22500,64
22.23333,64
22.24167,64
22.25000,64
22.25833,64
22.26667,64
22.27500,63
22.28333,64
22.29167,64
22.30000,64
22.30833,63
22.31667,63
22.32500,63
22.33333,63
22.34167,63
22.35000,63
22.35833,63
22.36667,62
22.37500,62
22.38333,61
22.39167,61
22.40000,60
22.40833,60
22.41667,59
22.42500,59
22.43333,59
22.44167,59
22.45000,59
22.45833,59
22.46667,58
22.47500,58
22.48333,58
22.49167,58
22.50000,57
22.50833,57
22.51667,56
22.52500,56
22.53333,56
22.54167,57
22.55000,57
22.55833,57
22.56667,57
22.57500,57
22.58333,57
22.59167,58
22.60000,58
22.60833,58
22.61667,59
22.62500,59
22.63333,59
22.64167,59
22.65000,59
22.65833,60
22.66667,60
22.67500,61
22.68333,62
22.69167,62
22.70000,63
22.70833,64
22.71667,65
22.72500,65
22.73333,66
22.74167,67
22.75000,68
22.75833,69
22.76667,70
22.77500,71
22.78333,72
22.79167,73
22.80000,74
22.80833,74
22.81667,75
22.82500,76
22.83333,77
22.84167,77
22.85000,78
22.85833,79
22.86667,80
22.87500,81
22.88333,81
22.89167,82
22.90000,82
22.90833,82
22.91667,83
22.92500,84
22.93333,84
22.94167,84
22.95000,84
22.95833,84
22.96667,84
22.97500,84
22.98333,84
22.99167,84
23.00000,84
23.00833,84
23.01667,84
23.02500,83
23.03333,83
23.04167,83
23.05000,83
23.05833,82
23.06667,81
23.07500,80
23.08333,80
23.09167,79
23.10000,79
23.10833,78
23.11667,78
23.12500,78
23.13333,77
23.14167,77
23.15000,77
23.15833,76
23.16667,75
23.17500,75
23.18333,74
23.19167,73
23.20000,72
23.20833,71
23.21667,71
23.22500,70
23.23333,70
23.24167,69
23.25000,69
23.25833,68
23.26667,67
23.27500,66
23.28333,66
23.29167,65
23.30000,65
23.30833,65
23.31667,65
23.32500,64
23.33333,63
23.34167,63
23.35000,63
23.35833,62
23.36667,62
23.37500,61
23.38333,62
23.39167,61
23.40000,61
23.40833,61
23.41667,61
23.42500,60
23.43333,60
23.44167,60
23.45000,59
23.45833,59
23.46667,60
23.47500,60
23.48333,60
23.49167,60
23.50000,59
23.50833,59
23.51667,59
23.52500,59
23.53333,59
23.54167,59
23.55000,59
23.55833,60
23.56667,60
23.57500,60
23.58333,60
23.59167,60
23.60000,60
23.60833,60
23.61667,60
23.62500,60
23.63333,60
23.64167,60
23.65000,60
23.65833,60
23.66667,60
23.67500,61
23.68333,61
23.69167,61
23.70000,62
23.70833,62
23.71667,62
23.72500,62
23.73333,62
23.74167,62
23.75000,62
23.75833,62
23.76667,62
23.77500,62
23.78333,62
23.79167,62
23.80000,63
23.80833,63
23.81667,63
23.82500,63
23.83333,63
23.84167,63
23.85000,63
23.85833,63
23.86667,63
23.87500,63
23.88333,63
23.89167,63
23.90000,63
23.90833,63
23.91667,63
23.92500,63
23.93333,63
23.94167,62
23.95000,62
23.95833,62
23.96667,62
23.97500,62
23.98333,62
23.99167,62
24.00000,62
24.00833,62
24.01667,62
24.02500,61
24.03333,61
24.04167,61
24.05000,61
24.05833,61
24.06667,61
24.07500,61
24.08333,61
24.09167,61
24.10000,61
24.10833,61
24.11667,61
24.12500,61
24.13333,61
24.14167,61
24.15000,61
24.15833,60
24.16667,60
24.17500,60
24.18333,60
24.19167,60
24.20000,61
24.20833,61
24.21667,61
24.22500,61
24.23333,61
24.24167,61
24.25000,62
24.25833,62
24.26667,62
24.27500,62
24.28333,62
24.29167,62
24.30000,62
24.30833,62
24.31667,62
24.32500,62
24.33333,62
24.34167,63
24.35000,63
24.35833,63
24.36667,64
24.37500,64
24.38333,64
24.39167,64
24.40000,64
24.40833,64
24.41667,65
24.42500,65
24.43333,66
24.44167,66
24.45000,67
24.45833,68
24.46667,68
24.47500,69
24.48333,69
24.49167,69
24.50000,70
24.50833,71
24.51667,72
24.52500,73
24.53333,74
24.54167,75
24.55000,76
24.55833,78
24.56667,79
24.57500,81
24.58333,83
24.59167,85
24.60000,87
24.60833,89
24.61667,92
24.62500,95
24.63333,98
24.64167,101
24.65000,103
24.65833,107
24.66667,110
24.67500,113
24.68333,117
24.69167,121
24.70000,126
24.70833,131
24.71667,136
24.72500,141
24.73333,147
24.74167,153
24.75000,160
24.75833,166
24.76667,172
24.77500,179
24.78333,186
24.79167,193
24.80000,200
24.80833,208
24.81667,215
24.82500,222
24.83333,230
24.84167,237
24.85000,245
24.85833,253
24.86667,261
24.87500,268
24.88333,275
24.89167,282
24.90000,289
24.90833,296
24.91667,303
24.92500,309
24.93333,315
24.94167,321
24.95000,326
24.95833,331
24.96667,335
24.97500,339
24.98333,343
24.99167,346
25.00000,349
25.00833,351
25.01667,353
25.02500,354
25.03333,355
25.04167,355
25.05000,354
25.05833,353
25.06667,352
25.07500,350
25.08333,348
25.09167,345
25.10000,342
25.10833,338
25.11667,334
25.12500,329
25.13333,325
25.14167,320
25.15000,315
25.15833,309
25.16667,303
25.17500,297
25.18333,290
25.19167,284
25.20000,278
25.20833,271
25.21667,264
25.22500,257
25.23333,250
25.24167,243
25.25000,236
25.25833,229
25.26667,222
25.27500,215
25.28333,208
25.29167,202
25.30000,195
25.30833,189
25.31667,182
25.32500,176
25.33333,170
25.34167,164
25.35000,158
25.35833,153
25.36667,147
25.37500,142
25.38333,137
25.39167,132
25.40000,128
25.40833,123
25.41667,119
25.42500,116
25.43333,112
25.44167,108
25.45000,105
25.45833,102
25.46667,99
25.47500,96
25.48333,94
25.49167,91
25.50000,88
25.50833,86
25.51667,83
25.52500,81
25.53333,79
25.54167,77
25.55000,75
25.55833,73
25.56667,72
25.57500,71
25.58333,69
25.59167,68
25.60000,67
25.60833,66
25.61667,65
25.62500,65
25.63333,64
25.64167,64
25.65000,63
25.65833,63
25.66667,62
25.67500,62
25.68333,62
25.69167,61
25.70000,61
25.70833,61
25.71667,61
25.72500,60
25.73333,60
25.74167,60
25.75000,60
25.75833,60
25.76667,60
25.77500,60
25.78333,60
25.79167,60
25.80000,61
25.80833,61
25.81667,62
25.82500,62
25.83333,62
25.84167,62
25.85000,62
25.85833,63
25.86667,63
25.87500,63
25.88333,64
25.89167,64
25.90000,65
25.90833,65
25.91667,65
25.92500,66
25.93333,66
25.94167,66
25.95000,67
25.95833,67
25.96667,67
25.97500,67
25.98333,67
25.99167,67
26.00000,67
26.00833,68
26.01667,68
26.02500,68
26.03333,69
26.04167,69
26.05000,69
26.05833,70
26.06667,70
26.07500,70
26.08333,70
26.09167,70
26.10000,70
26.10833,70
26.11667,70
26.12500,71
26.13333,71
26.14167,72
26.15000,72
26.15833,72
26.16667,72
26.17500,72
26.18333,72
26.19167,72
26.20000,72
26.20833,72
26.21667,72
26.22500,72
26.23333,72
26.24167,72
26.25000,72
26.25833,72
26.26667,72
26.27500,72
26.28333,72
26.29167,72
26.30000,73
26.30833,72
26.31667,72
26.32500,72
26.33333,71
26.34167,71
26.35000,71
26.35833,71
26.36667,71
26.37500,71
26.38333,70
26.39167,70
26.40000,70
26.40833,70
26.41667,70
26.42500,69
26.43333,69
26.44167,69
26.45000,69
26.45833,68
26.46667,68
26.47500,67
26.48333,67
26.49167,67
26.50000,67
26.50833,66
26.51667,66
26.52500,66
26.53333,66
26.54167,66
26.55000,65
26.55833,65
26.56667,65
26.57500,65
26.58333,65
26.59167,65
26.60000,65
26.60833,66
26.61667,66
26.62500,66
26.63333,67
26.64167,66
26.65000,66
26.65833,66
26.66667,66
26.67500,66
26.68333,66
26.69167,66
26.70000,66
26.70833,66
26.71667,66
26.72500,66
26.73333,66
26.74167,66
26.75000,66
26.75833,66
26.76667,66
26.77500,66
26.78333,66
26.79167,66
26.80000,66
26.80833,67
26.81667,67
26.82500,68
26.83333,68
26.84167,68
26.85000,68
26.85833,68
26.86667,68
26.87500,68
26.88333,69
26.89167,69
26.90000,69
26.90833,69
26.91667,69
26.92500,70
26.93333,70
26.94167,70
26.95000,70
26.95833,71
26.96667,71
26.97500,72
26.98333,72
26.99167,72
27.00000,72
27.00833,72
27.01667,72
27.02500,72
27.03333,72
27.04167,72
27.05000,72
27.05833,72
27.06667,72
27.07500,72
27.08333,72
27.09167,72
27.10000,72
27.10833,72
27.11667,72
27.12500,72
27.13333,72
27.14167,72
27.15000,72
27.15833,71
27.16667,71
27.17500,71
27.18333,70
27.19167,70
27.20000,70
27.20833,70
27.21667,70
27.22500,69
27.23333,69
27.24167,69
27.25000,69
27.25833,69
27.26667,69
27.27500,69
27.28333,69
27.29167,69
27.30000,69
27.30833,69
27.31667,68
27.32500,68
27.33333,68
27.34167,68
27.35000,68
27.35833,67
27.36667,67
27.37500,68
27.38333,68
27.39167,68
27.40000,68
27.40833,68
27.41667,68
27.42500,68
27.43333,68
27.44167,68
27.45000,68
27.45833,68
27.46667,68
27.47500,69
27.48333,69
27.49167,69
27.50000,70
27.50833,70
27.51667,70
27.52500,70
27.53333,70
27.54167,71
27.55000,71
27.55833,71
27.56667,71
27.57500,71
27.58333,71
27.59167,72
27.60000,72
27.60833,72
27.61667,73
27.62500,73
27.63333,73
27.64167,74
27.65000,74
27.65833,74
27.66667,74
27.67500,74
27.68333,74
27.69167,73
27.70000,73
27.70833,73
27.71667,73
27.72500,73
27.73333,73
27.74167,72
27.75000,71
27.75833,71
27.76667,70
27.77500,70
27.78333,69
27.79167,67
27.80000,66
27.80833,65
27.81667,64
27.82500,63
27.83333,62
27.84167,61
27.85000,60
27.85833,58
27.86667,57
27.87500,55
27.88333,54
27.89167,52
27.90000,50
27.90833,48
27.91667,46
27.92500,44
27.93333,42
27.94167,40
27.95000,37
27.95833,35
27.96667,32
27.97500,29
27.98333,26
27.99167,24
28.00000,21
28.00833,18
28.01667,15
28.02500,12
28.03333,9
28.04167,6
28.05000,2
28.05833,-1
28.06667,-4
28.07500,-8
28.08333,-11
28.09167,-14
28.10000,-17
28.10833,-20
28.11667,-24
28.12500,-27
28.13333,-30
28.14167,-34
28.15000,-37
28.15833,-41
28.16667,-44
28.17500,-47
28.18333,-49
28.19167,-52
28.20000,-55
28.20833,-58
28.21667,-61
28.22500,-63
28.23333,-65
28.24167,-68
28.25000,-70
28.25833,-72
28.26667,-74
28.27500,-76
28.28333,-77
28.29167,-78
28.30000,-80
28.30833,-81
28.31667,-82
28.32500,-83
28.33333,-84
28.34167,-84
28.35000,-84
28.35833,-84
28.36667,-84
28.37500,-84
28.38333,-83
28.39167,-82
28.40000,-82
28.40833,-81
28.41667,-80
28.42500,-78
28.43333,-77
28.44167,-75
28.45000,-74
28.45833,-72
28.46667,-70
28.47500,-68
28.48333,-66
28.49167,-63
28.50000,-61
28.50833,-58
28.51667,-56
28.52500,-53
28.53333,-51
28.54167,-48
28.55000,-45
28.55833,-42
28.56667,-40
28.57500,-37
28.58333,-34
28.59167,-31
28.60000,-28
28.60833,-25
28.61667,-22
28.62500,-19
28.63333,-17
28.64167,-14
28.65000,-12
28.65833,-9
28.66667,-7
28.67500,-4
28.68333,-2
28.69167,1
28.70000,3
28.70833,5
28.71667,8
28.72500,10
28.73333,12
28.74167,14
28.75000,16
28.75833,18
28.76667,20
28.77500,22
28.78333,24
28.79167,26
28.80000,28
28.80833,29
28.81667,31
28.82500,33
28.83333,34
28.84167,35
28.85000,37
28.85833,39
28.86667,40
28.87500,42
28.88333,43
28.89167,44
28.90000,45
28.90833,46
28.91667,47
28.92500,48
28.93333,49
28.94167,49
28.95000,50
28.95833,51
28.96667,51
28.97500,52
28.98333,52
28.99167,53
29.00000,54
29.00833,55
29.01667,55
29.02500,56
29.03333,57
29.04167,57
29.05000,58
29.05833,59
29.06667,60
29.07500,60
29.08333,61
29.09167,61
29.10000,61
29.10833,61
29.11667,62
29.12500,62
29.13333,63
29.14167,63
29.15000,63
29.15833,64
29.16667,64
29.17500,64
29.18333,64
29.19167,64
29.20000,65
29.20833,65
29.21667,65
29.22500,65
29.23333,65
29.24167,65
29.25000,65
29.25833,65
29.26667,65
29.27500,65
29.28333,65
29.29167,64
29.30000,64
29.30833,64
29.31667,64
29.32500,64
29.33333,64
29.34167,64
29.35000,64
29.35833,64
29.36667,64
29.37500,64
29.38333,63
29.39167,63
29.40000,63
29.40833,63
29.41667,63
29.42500,63
29.43333,62
29.44167,62
29.45000,62
29.45833,62
29.46667,61
29.47500,61
29.48333,61
29.49167,60
29.50000,60
29.50833,60
29.51667,60
29.52500,59
29.53333,59
29.54167,59
29.55000,59
29.55833,59
29.56667,58
29.57500,57
29.58333,57
29.59167,56
29.60000,56
29.60833,56
29.61667,56
29.62500,55
29.63333,55
29.64167,54
29.65000,54
29.65833,53
29.66667,52
29.67500,52
29.68333,51
29.69167,51
29.70000,50
29.70833,49
29.71667,48
29.72500,48
29.73333,47
29.74167,46
29.75000,46
29.75833,45
29.76667,44
29.77500,43
29.78333,42
29.79167,41
29.80000,40
29.80833,39
29.81667,38
29.82500,37
29.83333,36
29.84167,35
29.85000,34
29.85833,33
29.86667,32
29.87500,31
29.88333,30
29.89167,29
29.90000,28
29.90833,27
29.91667,25
29.92500,24
29.93333,23
29.94167,22
29.95000,21
29.95833,20
29.96667,19
29.97500,19
29.98333,18
29.99167,17
30.00000,16
30.00833,15
30.01667,14
30.02500,13
30.03333,12
30.04167,12
30.05000,11
30.05833,10
30.06667,10
30.07500,10
30.08333,10
30.09167,9
30.10000,9
30.10833,8
30.11667,8
30.12500,7
30.13333,7
30.14167,8
30.15000,8
30.15833,8
30.16667,8
30.17500,8
30.18333,8
30.19167,9
30.20000,9
30.20833,10
30.21667,11
30.22500,12
30.23333,13
30.24167,14
30.25000,15
30.25833,16
30.26667,17
30.27500,18
30.28333,19
30.29167,20
30.30000,21
30.30833,22
30.31667,23
30.32500,24
30.33333,25
30.34167,26
30.35000,28
30.35833,29
30.36667,30
30.37500,32
30.38333,33
30.39167,35
30.40000,36
30.40833,37
30.41667,38
30.42500,39
30.43333,40
30.44167,41
30.45000,42
30.45833,43
30.46667,44
30.47500,46
30.48333,47
30.49167,48
30.50000,48
30.50833,49
30.51667,50
30.52500,51
30.53333,51
30.54167,52
30.55000,52
30.55833,53
30.56667,53
30.57500,54
30.58333,54
30.59167,54
30.60000,55
30.60833,55
30.61667,56
30.62500,56
30.63333,56
30.64167,57
30.65000,57
30.65833,57
30.66667,57
30.67500,57
30.68333,57
30.69167,56
30.70000,56
30.70833,56
30.71667,56
30.72500,56
30.73333,56
30.74167,56
30.75000,55
30.75833,55
30.76667,55
30.77500,55
30.78333,54
30.79167,54
30.80000,54
30.80833,54
30.81667,53
30.82500,53
30.83333,52
30.84167,51
30.85000,51
30.85833,51
30.86667,51
30.87500,51
30.88333,51
30.89167,50
30.90000,50
30.90833,50
30.91667,50
30.92500,51
30.93333,50
30.94167,50
30.95000,50
30.95833,50
30.96667,49
30.97500,49
30.98333,49
30.99167,49
31.00000,49
31.00833,49
31.01667,49
31.02500,50
31.03333,50
31.04167,50
31.05000,51
31.05833,51
31.06667,52
31.07500,52
31.08333,52
31.09167,53
31.10000,53
31.10833,54
31.11667,54
31.12500,55
31.13333,55
31.14167,56
31.15000,56
31.15833,56
31.16667,56
31.17500,57
31.18333,57
31.19167,58
31.20000,59
31.20833,59
31.21667,60
31.22500,60
31.23333,61
31.24167,62
31.25000,63
31.25833,64
31.26667,65
31.27500,65
31.28333,66
31.29167,66
31.30000,66
31.30833,67
31.31667,68
31.32500,68
31.33333,69
31.34167,70
31.35000,71
31.35833,71
31.36667,72
31.37500,73
31.38333,74
31.39167,75
31.40000,75
31.40833,76
31.41667,76
31.42500,77
31.43333,77
31.44167,77
31.45000,78
31.45833,78
31.46667,78
31.47500,79
31.48333,80
31.49167,80
31.50000,81
31.50833,81
31.51667,82
31.52500,82
31.53333,82
31.54167,82
31.55000,82
31.55833,83
31.56667,83
31.57500,83
31.58333,83
31.59167,83
31.60000,83
31.60833,84
31.61667,84
31.62500,83
31.63333,83
31.64167,83
31.65000,83
31.65833,83
31.66667,83
31.67500,82
31.68333,82
31.69167,81
31.70000,80
31.70833,80
31.71667,79
31.72500,79
31.73333,79
31.74167,78
31.75000,78
31.75833,78
31.76667,77
31.77500,77
31.78333,76
31.79167,76
31.80000,76
31.80833,75
31.81667,75
31.82500,74
31.83333,74
31.84167,74
31.85000,73
31.85833,73
31.86667,72
31.87500,71
31.88333,70
31.89167,70
31.90000,70
31.90833,69
31.91667,69
31.92500,68
31.93333,68
31.94167,68
31.95000,68
31.95833,67
31.96667,67
31.97500,66
31.98333,66
31.99167,66
32.00000,66
32.00833,66
32.01667,66
32.02500,65
32.03333,65
32.04167,65
32.05000,65
32.05833,65
32.06667,64
32.07500,64
32.08333,64
32.09167,64
32.10000,64
32.10833,64
32.11667,64
32.12500,64
32.13333,64
32.14167,64
32.15000,64
32.15833,65
32.16667,65
32.17500,65
32.18333,66
32.19167,66
32.20000,66
32.20833,66
32.21667,66
32.22500,66
32.23333,66
32.24167,66
32.25000,67
32.25833,67
32.26667,67
32.27500,67
32.28333,68
32.29167,68
32.30000,69
32.30833,69
32.31667,69
32.32500,69
32.33333,70
32.34167,70
32.35000,70
32.35833,71
32.36667,71
32.37500,72
32.38333,72
32.39167,72
32.40000,72
32.40833,73
32.41667,73
32.42500,73
32.43333,74
32.44167,74
32.45000,74
32.45833,74
32.46667,74
32.47500,75
32.48333,75
32.49167,75
32.50000,76
32.50833,76
32.51667,76
32.52500,76
32.53333,77
32.54167,77
32.55000,77
32.55833,77
32.56667,77
32.57500,77
32.58333,77
32.59167,77
32.60000,77
32.60833,77
32.61667,77
32.62500,77
32.63333,76
32.64167,76
32.65000,76
32.65833,76
32.66667,76
32.67500,76
32.68333,76
32.69167,76
32.70000,76
32.70833,76
32.71667,76
32.72500,76
32.73333,76
32.74167,76
32.75000,76
32.75833,76
32.76667,77
32.77500,77
32.78333,78
32.79167,78
32.80000,79
32.80833,79
32.81667,79
32.82500,79
32.83333,79
32.84167,79
32.85000,79
32.85833,79
32.86667,79
32.87500,79
32.88333,79
32.89167,79
32.90000,79
32.90833,79
32.91667,79
32.92500,79
32.93333,79
32.94167,79
32.95000,80
32.95833,80
32.96667,80
32.97500,80
32.98333,79
32.99167,80
33.00000,80
33.00833,80
33.01667,80
33.02500,80
33.03333,80
33.04167,80
33.05000,80
33.05833,80
33.06667,80
33.07500,80
33.08333,80
33.09167,80
33.10000,80
33.10833,79
33.11667,79
33.12500,79
33.13333,79
33.14167,79
33.15000,79
33.15833,79
33.16667,79
33.17500,79
33.18333,79
33.19167,79
33.20000,78
33.20833,78
33.21667,78
33.22500,78
33.23333,78
33.24167,77
33.25000,77
33.25833,77
33.26667,77
33.27500,76
33.28333,76
33.29167,76
33.30000,76
33.30833,75
33.31667,75
33.32500,75
33.33333,76
33.34167,76
33.35000,76
33.35833,77
33.36667,77
33.37500,77
33.38333,76
33.39167,76
33.40000,76
33.40833,76
33.41667,76
33.42500,76
33.43333,76
33.44167,75
33.45000,75
33.45833,75
33.46667,75
33.47500,75
33.48333,75
33.49167,76
33.50000,75
33.50833,75
33.51667,76
33.52500,76
33.53333,76
33.54167,76
33.55000,76
33.55833,77
33.56667,77
33.57500,77
33.58333,78
33.59167,78
33.60000,78
33.60833,78
33.61667,78
33.62500,78
33.63333,78
33.64167,78
33.65000,78
33.65833,79
33.66667,79
33.67500,79
33.68333,79
33.69167,80
33.70000,80
33.70833,80
33.71667,80
33.72500,80
33.73333,81
33.74167,81
33.75000,82
33.75833,82
33.76667,82
33.77500,82
33.78333,82
33.79167,82
33.80000,82
33.80833,82
33.81667,82
33.82500,83
33.83333,83
33.84167,83
33.85000,83
33.85833,83
33.86667,82
33.87500,82
33.88333,82
33.89167,82
33.90000,82
33.90833,82
33.91667,82
33.92500,83
33.93333,83
33.94167,83
33.95000,83
33.95833,83
33.96667,83
33.97500,84
33.98333,84
33.99167,84
34.00000,83
34.00833,83
34.01667,83
34.02500,83
34.03333,83
34.04167,83
34.05000,83
34.05833,84
34.06667,84
34.07500,84
34.08333,84
34.09167,84
34.10000,84
34.10833,84
34.11667,83
34.12500,83
34.13333,84
34.14167,84
34.15000,84
34.15833,84
34.16667,84
34.17500,84
34.18333,84
34.19167,84
34.20000,84
34.20833,83
34.21667,83
34.22500,83
34.23333,83
34.24167,83
34.25000,83
34.25833,83
34.26667,82
34.27500,82
34.28333,82
34.29167,82
34.30000,82
34.30833,82
34.31667,81
34.32500,81
34.33333,80
34.34167,80
34.35000,80
34.35833,80
34.36667,79
34.37500,79
34.38333,79
34.39167,79
34.40000,79
34.40833,78
34.41667,78
34.42500,78
34.43333,78
34.44167,77
34.45000,77
34.45833,77
34.46667,77
34.47500,77
34.48333,76
34.49167,76
34.50000,76
34.50833,76
34.51667,76
34.52500,76
34.53333,76
34.54167,76
34.55000,77
34.55833,77
34.56667,77
34.57500,77
34.58333,77
34.59167,77
34.60000,78
34.60833,78
34.61667,78
34.62500,78
34.63333,78
34.64167,78
34.65000,78
34.65833,78
34.66667,78
34.67500,78
34.68333,78
34.69167,78
34.70000,78
34.70833,79
34.71667,79
34.72500,80
34.73333,80
34.74167,80
34.75000,80
34.75833,80
34.76667,80
34.77500,81
34.78333,81
34.79167,81
34.80000,81
34.80833,81
34.81667,81
34.82500,81
34.83333,81
34.84167,82
34.85000,82
34.85833,82
34.86667,82
34.87500,82
34.88333,82
34.89167,82
34.90000,81
34.90833,81
34.91667,81
34.92500,81
34.93333,81
34.94167,81
34.95000,81
34.95833,81
34.96667,81
34.97500,81
34.98333,81
34.99167,81
35.00000,81
35.00833,81
35.01667,80
35.02500,80
35.03333,81
35.04167,81
35.05000,81
35.05833,80
35.06667,80
35.07500,80
35.08333,80
35.09167,80
35.10000,80
35.10833,80
35.11667,80
35.12500,80
35.13333,80
35.14167,79
35.15000,79
35.15833,79
35.16667,79
35.17500,80
35.18333,80
35.19167,80
35.20000,80
35.20833,80
35.21667,80
35.22500,80
35.23333,80
35.24167,80
35.25000,80
35.25833,81
35.26667,81
35.27500,81
35.28333,81
35.29167,81
35.30000,81
35.30833,81
35.31667,82
35.32500,82
35.33333,82
35.34167,83
35.35000,83
35.35833,83
35.36667,83
35.37500,83
35.38333,84
35.39167,84
35.40000,84
35.40833,85
35.41667,86
35.42500,86
35.43333,87
35.44167,87
35.45000,87
35.45833,87
35.46667,87
35.47500,88
35.48333,88
35.49167,88
35.50000,88
35.50833,89
35.51667,89
35.52500,89
35.53333,89
35.54167,89
35.55000,89
35.55833,89
35.56667,89
35.57500,89
35.58333,89
35.59167,89
35.60000,89
35.60833,89
35.61667,89
35.62500,89
35.63333,89
35.64167,88
35.65000,88
35.65833,87
35.66667,87
35.67500,87
35.68333,87
35.69167,87
35.70000,87
35.70833,87
35.71667,87
35.72500,86
35.73333,86
35.74167,86
35.75000,86
35.75833,86
35.76667,86
35.77500,86
35.78333,86
35.79167,86
35.80000,85
35.80833,85
35.81667,85
35.82500,84
35.83333,84
35.84167,84
35.85000,84
35.85833,83
35.86667,83
35.87500,83
35.88333,83
35.89167,83
35.90000,83
35.90833,83
35.91667,83
35.92500,83
35.93333,82
35.94167,83
35.95000,83
35.95833,83
35.96667,83
35.97500,83
35.98333,83
35.99167,83
36.00000,83
36.00833,83
36.01667,83
36.02500,83
36.03333,83
36.04167,83
36.05000,83
36.05833,83
36.06667,83
36.07500,83
36.08333,83
36.09167,83
36.10000,84
36.10833,84
36.11667,84
36.12500,84
36.13333,84
36.14167,84
36.15000,84
36.15833,85
36.16667,85
36.17500,84
36.18333,84
36.19167,84
36.20000,84
36.20833,84
36.21667,84
36.22500,84
36.23333,84
36.24167,83
36.25000,83
36.25833,83
36.26667,83
36.27500,83
36.28333,83
36.29167,83
36.30000,83
36.30833,82
36.31667,82
36.32500,82
36.33333,82
36.34167,82
36.35000,81
36.35833,81
36.36667,81
36.37500,81
36.38333,81
36.39167,81
36.40000,81
36.40833,81
36.41667,81
36.42500,81
36.43333,82
36.44167,82
36.45000,81
36.45833,81
36.46667,80
36.47500,80
36.48333,80
36.49167,79
36.50000,79
36.50833,79
36.51667,79
36.52500,79
36.53333,79
36.54167,79
36.55000,78
36.55833,78
36.56667,78
36.57500,78
36.58333,77
36.59167,77
36.60000,77
36.60833,77
36.61667,76
36.62500,76
36.63333,76
36.64167,75
36.65000,75
36.65833,75
36.66667,74
36.67500,74
36.68333,73
36.69167,73
36.70000,73
36.70833,72
36.71667,72
36.72500,72
36.73333,72
36.74167,71
36.75000,71
36.75833,71
36.76667,72
36.77500,72
36.78333,71
36.79167,71
36.80000,71
36.80833,71
36.81667,71
36.82500,71
36.83333,70
36.84167,70
36.85000,69
36.85833,69
36.86667,69
36.87500,69
36.88333,70
36.89167,70
36.90000,70
36.90833,69
36.91667,69
36.92500,70
36.93333,70
36.94167,71
36.95000,71
36.95833,71
36.96667,71
36.97500,71
36.98333,72
36.99167,72
37.00000,72
37.00833,73
37.01667,73
37.02500,73
37.03333,74
37.04167,74
37.05000,75
37.05833,75
37.06667,76
37.07500,76
37.08333,77
37.09167,78
37.10000,79
37.10833,79
37.11667,80
37.12500,80
37.13333,80
37.14167,80
37.15000,81
37.15833,81
37.16667,81
37.17500,82
37.18333,82
37.19167,83
37.20000,83
37.20833,84
37.21667,84
37.22500,85
37.23333,86
37.24167,86
37.25000,87
37.25833,87
37.26667,88
37.27500,88
37.28333,88
37.29167,88
37.30000,89
37.30833,89
37.31667,90
37.32500,90
37.33333,91
37.34167,91
37.35000,92
37.35833,92
37.36667,92
37.37500,92
37.38333,92
37.39167,93
37.40000,93
37.40833,92
37.41667,92
37.42500,92
37.43333,92
37.44167,93
37.45000,93
37.45833,93
37.46667,93
37.47500,93
37.48333,93
37.49167,93
37.50000,93
37.50833,93
37.51667,93
37.52500,93
37.53333,93
37.54167,93
37.55000,93
37.55833,93
37.56667,93
37.57500,93
37.58333,93
37.59167,93
37.60000,93
37.60833,93
37.61667,93
37.62500,93
37.63333,93
37.64167,93
37.65000,93
37.65833,93
37.66667,93
37.67500,92
37.68333,92
37.69167,92
37.70000,92
37.70833,92
37.71667,92
37.72500,92
37.73333,92
37.74167,92
37.75000,92
37.75833,92
37.76667,92
37.77500,92
37.78333,92
37.79167,91
37.80000,91
37.80833,91
37.81667,91
37.82500,91
37.83333,91
37.84167,91
37.85000,91
37.85833,91
37.86667,90
37.87500,90
37.88333,89
37.89167,89
37.90000,89
37.90833,88
37.91667,88
37.92500,88
37.93333,88
37.94167,87
37.95000,87
37.95833,87
37.96667,87
37.97500,88
37.98333,88
37.99167,87
38.00000,87
38.00833,86
38.01667,86
38.02500,86
38.03333,86
38.04167,85
38.05000,85
38.05833,85
38.06667,85
38.07500,85
38.08333,85
38.09167,85
38.10000,85
38.10833,85
38.11667,85
38.12500,84
38.13333,84
38.14167,84
38.15000,83
38.15833,83
38.16667,83
38.17500,83
38.18333,83
38.19167,83
38.20000,83
38.20833,83
38.21667,83
38.22500,83
38.23333,83
38.24167,82
38.25000,82
38.25833,82
38.26667,82
38.27500,82
38.28333,82
38.29167,83
38.30000,83
38.30833,83
38.31667,83
38.32500,83
38.33333,83
38.34167,83
38.35000,84
38.35833,84
38.36667,84
38.37500,84
38.38333,84
38.39167,84
38.40000,84
38.40833,83
38.41667,83
38.42500,83
38.43333,83
38.44167,83
38.45000,84
38.45833,84
38.46667,85
38.47500,85
38.48333,86
38.49167,86
38.50000,86
38.50833,85
38.51667,85
38.52500,85
38.53333,85
38.54167,86
38.55000,86
38.55833,86
38.56667,86
38.57500,86
38.58333,86
38.59167,86
38.60000,86
38.60833,86
38.61667,86
38.62500,87
38.63333,87
38.64167,88
38.65000,88
38.65833,88
38.66667,88
38.67500,87
38.68333,87
38.69167,87
38.70000,87
38.70833,87
38.71667,87
38.72500,87
38.73333,87
38.74167,87
38.75000,87
38.75833,87
38.76667,87
38.77500,86
38.78333,86
38.79167,86
38.80000,86
38.80833,86
38.81667,85
38.82500,85
38.83333,85
38.84167,85
38.85000,85
38.85833,84
38.86667,84
38.87500,83
38.88333,83
38.89167,83
38.90000,82
38.90833,81
38.91667,81
38.92500,81
38.93333,81
38.94167,80
38.95000,80
38.95833,80
38.96667,80
38.97500,80
38.98333,80
38.99167,80
39.00000,80
39.00833,80
39.01667,80
39.02500,80
39.03333,80
39.04167,80
39.05000,80
39.05833,80
39.06667,80
39.07500,80
39.08333,79
39.09167,79
39.10000,79
39.10833,79
39.11667,79
39.12500,79
39.13333,79
39.14167,79
39.15000,79
39.15833,80
39.16667,80
39.17500,80
39.18333,80
39.19167,80
39.20000,80
39.20833,80
39.21667,80
39.22500,80
39.23333,81
39.24167,81
39.25000,82
39.25833,82
39.26667,82
39.27500,82
39.28333,82
39.29167,82
39.30000,82
39.30833,82
39.31667,82
39.32500,83
39.33333,83
39.34167,82
39.35000,83
39.35833,83
39.36667,83
39.37500,83
39.38333,83
39.39167,82
39.40000,83
39.40833,83
39.41667,83
39.42500,84
39.43333,84
39.44167,84
39.45000,84
39.45833,84
39.46667,85
39.47500,85
39.48333,85
39.49167,84
39.50000,84
39.50833,84
39.51667,84
39.52500,84
39.53333,85
39.54167,85
39.55000,85
39.55833,85
39.56667,85
39.57500,86
39.58333,86
39.59167,86
39.60000,86
39.60833,86
39.61667,86
39.62500,86
39.63333,86
39.64167,87
39.65000,87
39.65833,87
39.66667,88
39.67500,88
39.68333,88
39.69167,88
39.70000,88
39.70833,89
39.71667,89
39.72500,88
39.73333,88
39.74167,88
39.75000,88
39.75833,89
39.76667,89
39.77500,89
39.78333,89
39.79167,90
39.80000,90
39.80833,90
39.81667,90
39.82500,90
39.83333,90
39.84167,90
39.85000,90
39.85833,90
39.86667,90
39.87500,90
39.88333,90
39.89167,90
39.90000,90
39.90833,89
39.91667,89
39.92500,89
39.93333,89
39.94167,89
39.95000,88
39.95833,89
39.96667,89
39.97500,89
39.98333,89
39.99167,89
40.00000,89

