[Header]
Application Name,LabSolutions
Version,5.97 SP1
Data File Name,C:\Users\cremerlab\Desktop\griffin\2021-04-06_REL606_DM_glucose_turnover\2021-04-06_REL606_DM_glucose_turnover_462021_005_012.lcd
Output Date,4/7/2021
Output Time,2:00:42 AM

[File Information]
Type,Data File
Generated,4/7/2021 1:20:22 AM
Generated by,System Administrator
Modified,4/7/2021 2:00:42 AM
Modified by,System Administrator

[Sample Information]
Operator Name,System Administrator
Acquired,4/7/2021 1:20:41 AM
Sample Type,1:Standard
Level,5
Sample Name,2021-04-04_REL606_replicate_002_timepoint_005
Sample ID,005
ISTD Amount1,1
ISTD Amount2,1
ISTD Amount3,1
ISTD Amount4,1
ISTD Amount5,1
ISTD Amount6,1
ISTD Amount7,1
ISTD Amount8,1
ISTD Amount9,1
ISTD Amount10,1
ISTD Amount11,1
ISTD Amount12,1
ISTD Amount13,1
ISTD Amount14,1
ISTD Amount15,1
ISTD Amount16,1
ISTD Amount17,1
ISTD Amount18,1
ISTD Amount19,1
ISTD Amount20,1
ISTD Amount21,1
ISTD Amount22,1
ISTD Amount23,1
ISTD Amount24,1
ISTD Amount25,1
ISTD Amount26,1
ISTD Amount27,1
ISTD Amount28,1
ISTD Amount29,1
ISTD Amount30,1
ISTD Amount31,1
ISTD Amount32,1
Sample Amount,1
Dilution Factor,1
Vial#,14
Injection Volume,20

[Original Files]
Data File,C:\Users\cremerlab\Desktop\griffin\2021-04-06_REL606_DM_glucose_turnover\2021-04-06_REL606_DM_glucose_turnover_462021_005_012.lcd
Method File,C:\Users\cremerlab\Desktop\griffin\2.5mM_H2SO4_mobile_phase.lcm
Batch File,C:\Users\cremerlab\Desktop\griffin\2021-04-06_REL606_DM_glucose_turnover\2021-04-06_REL606_DM_glucose_turnover.lcb
Report Format File,c:\LabSolutions\System\DEFAULT.lsr

[File Description]


[Configuration]
Instrument Name,HPLC-PC-Instrument1
Instrument #,1
Line #,1
# of Detectors,2
Detector ID,Detector A,Detector B
Detector Name,Detector A,Detector B
# of Channels,1,1

[Peak Table(Detector A)]
# of Peaks,0

[Peak Table(Detector B)]
# of Peaks,6
Peak#,R.Time,I.Time,F.Time,Area,Height,A/H,Conc.,Mark,ID#,Name,k',Plate #,Plate Ht.,Tailing,Resolution,Sep.Factor,Area Ratio,Height Ratio,Conc. %,Norm Conc.
1,10.883,10.417,11.875,231950,13534,17.138,0.000,   ,,,0.000,9194,16.314,1.049,0.000,0.000,0,0,0.000,0.000
2,13.902,12.558,14.175,1598759,43247,36.968,0.000,   ,,,0.277,3199,46.888,0.000,4.202,0.000,0,0,0.000,0.000
3,14.325,14.175,14.967,159740,8323,19.192,0.000, V ,,,0.316,7218,20.782,0.000,0.510,1.140,0,0,0.000,0.000
4,15.674,14.967,17.767,915068,36379,25.154,0.000, V ,,,0.440,9179,16.341,1.149,2.031,1.392,0,0,0.000,0.000
5,19.070,18.783,19.608,1950,88,22.267,0.000,   ,,,0.752,16746,8.957,1.311,5.461,1.709,0,0,0.000,0.000
6,25.045,24.550,25.675,8516,291,29.218,0.000,   ,,,1.301,15945,9.407,1.099,8.641,1.730,0,0,0.000,0.000

[LC Chromatogram(Detector B-Ch1)]
Interval(msec),500
# of Points,4801
Start Time(min),0.000
End Time(min),40.000
Intensity Units,mV
Intensity Multiplier,0.001
R.Time (min),Intensity
0.00000,-5
0.00833,-5
0.01667,-2
0.02500,-0
0.03333,-0
0.04167,-0
0.05000,-1
0.05833,-1
0.06667,-1
0.07500,-1
0.08333,-1
0.09167,-1
0.10000,-1
0.10833,-1
0.11667,-2
0.12500,-2
0.13333,-3
0.14167,-3
0.15000,-4
0.15833,-4
0.16667,-4
0.17500,-4
0.18333,-4
0.19167,-5
0.20000,-5
0.20833,-5
0.21667,-5
0.22500,-5
0.23333,-5
0.24167,-5
0.25000,-6
0.25833,-6
0.26667,-6
0.27500,-6
0.28333,-6
0.29167,-6
0.30000,-6
0.30833,-6
0.31667,-7
0.32500,-6
0.33333,-6
0.34167,-7
0.35000,-7
0.35833,-6
0.36667,-6
0.37500,-6
0.38333,-6
0.39167,-6
0.40000,-5
0.40833,-5
0.41667,-5
0.42500,-5
0.43333,-5
0.44167,-4
0.45000,-4
0.45833,-4
0.46667,-3
0.47500,-3
0.48333,-3
0.49167,-2
0.50000,-2
0.50833,-2
0.51667,-2
0.52500,-2
0.53333,-1
0.54167,-1
0.55000,-1
0.55833,-0
0.56667,0
0.57500,1
0.58333,1
0.59167,2
0.60000,2
0.60833,2
0.61667,2
0.62500,3
0.63333,3
0.64167,3
0.65000,3
0.65833,3
0.66667,3
0.67500,4
0.68333,4
0.69167,4
0.70000,4
0.70833,4
0.71667,5
0.72500,5
0.73333,5
0.74167,5
0.75000,6
0.75833,6
0.76667,7
0.77500,7
0.78333,7
0.79167,7
0.80000,7
0.80833,7
0.81667,7
0.82500,7
0.83333,7
0.84167,7
0.85000,7
0.85833,7
0.86667,7
0.87500,7
0.88333,7
0.89167,8
0.90000,8
0.90833,8
0.91667,8
0.92500,7
0.93333,7
0.94167,7
0.95000,7
0.95833,7
0.96667,8
0.97500,8
0.98333,8
0.99167,8
1.00000,8
1.00833,8
1.01667,9
1.02500,9
1.03333,9
1.04167,9
1.05000,9
1.05833,8
1.06667,8
1.07500,8
1.08333,8
1.09167,8
1.10000,8
1.10833,8
1.11667,8
1.12500,8
1.13333,8
1.14167,8
1.15000,8
1.15833,7
1.16667,7
1.17500,7
1.18333,7
1.19167,7
1.20000,7
1.20833,8
1.21667,8
1.22500,8
1.23333,8
1.24167,7
1.25000,7
1.25833,7
1.26667,8
1.27500,8
1.28333,8
1.29167,9
1.30000,8
1.30833,8
1.31667,8
1.32500,8
1.33333,8
1.34167,7
1.35000,7
1.35833,7
1.36667,7
1.37500,7
1.38333,7
1.39167,8
1.40000,8
1.40833,8
1.41667,8
1.42500,8
1.43333,8
1.44167,8
1.45000,8
1.45833,8
1.46667,8
1.47500,8
1.48333,8
1.49167,8
1.50000,8
1.50833,8
1.51667,8
1.52500,8
1.53333,9
1.54167,9
1.55000,9
1.55833,8
1.56667,9
1.57500,9
1.58333,9
1.59167,9
1.60000,9
1.60833,9
1.61667,9
1.62500,9
1.63333,9
1.64167,9
1.65000,9
1.65833,9
1.66667,9
1.67500,9
1.68333,9
1.69167,9
1.70000,9
1.70833,10
1.71667,10
1.72500,10
1.73333,10
1.74167,10
1.75000,10
1.75833,11
1.76667,10
1.77500,10
1.78333,10
1.79167,10
1.80000,10
1.80833,10
1.81667,10
1.82500,10
1.83333,10
1.84167,10
1.85000,11
1.85833,11
1.86667,11
1.87500,11
1.88333,10
1.89167,10
1.90000,10
1.90833,10
1.91667,11
1.92500,11
1.93333,11
1.94167,11
1.95000,11
1.95833,11
1.96667,11
1.97500,12
1.98333,12
1.99167,12
2.00000,12
2.00833,12
2.01667,12
2.02500,11
2.03333,11
2.04167,11
2.05000,10
2.05833,10
2.06667,10
2.07500,10
2.08333,10
2.09167,10
2.10000,10
2.10833,9
2.11667,9
2.12500,9
2.13333,9
2.14167,9
2.15000,9
2.15833,9
2.16667,9
2.17500,9
2.18333,8
2.19167,8
2.20000,7
2.20833,7
2.21667,7
2.22500,6
2.23333,6
2.24167,5
2.25000,5
2.25833,5
2.26667,4
2.27500,4
2.28333,4
2.29167,4
2.30000,4
2.30833,3
2.31667,3
2.32500,3
2.33333,3
2.34167,2
2.35000,2
2.35833,1
2.36667,0
2.37500,-0
2.38333,-0
2.39167,-0
2.40000,-1
2.40833,-1
2.41667,-2
2.42500,-2
2.43333,-3
2.44167,-3
2.45000,-3
2.45833,-4
2.46667,-4
2.47500,-4
2.48333,-4
2.49167,-5
2.50000,-5
2.50833,-5
2.51667,-5
2.52500,-5
2.53333,-5
2.54167,-5
2.55000,-5
2.55833,-5
2.56667,-5
2.57500,-6
2.58333,-6
2.59167,-6
2.60000,-6
2.60833,-6
2.61667,-6
2.62500,-5
2.63333,-5
2.64167,-5
2.65000,-4
2.65833,-4
2.66667,-4
2.67500,-4
2.68333,-4
2.69167,-4
2.70000,-4
2.70833,-4
2.71667,-3
2.72500,-3
2.73333,-2
2.74167,-2
2.75000,-1
2.75833,-1
2.76667,-0
2.77500,1
2.78333,1
2.79167,2
2.80000,3
2.80833,3
2.81667,4
2.82500,4
2.83333,4
2.84167,5
2.85000,5
2.85833,5
2.86667,6
2.87500,6
2.88333,7
2.89167,8
2.90000,8
2.90833,8
2.91667,9
2.92500,9
2.93333,9
2.94167,10
2.95000,10
2.95833,11
2.96667,11
2.97500,11
2.98333,12
2.99167,12
3.00000,12
3.00833,13
3.01667,13
3.02500,13
3.03333,13
3.04167,13
3.05000,13
3.05833,13
3.06667,14
3.07500,14
3.08333,14
3.09167,14
3.10000,13
3.10833,13
3.11667,13
3.12500,13
3.13333,13
3.14167,13
3.15000,12
3.15833,12
3.16667,12
3.17500,12
3.18333,11
3.19167,11
3.20000,11
3.20833,10
3.21667,10
3.22500,10
3.23333,9
3.24167,9
3.25000,9
3.25833,8
3.26667,8
3.27500,7
3.28333,7
3.29167,6
3.30000,6
3.30833,5
3.31667,5
3.32500,4
3.33333,4
3.34167,4
3.35000,3
3.35833,3
3.36667,3
3.37500,2
3.38333,2
3.39167,1
3.40000,1
3.40833,1
3.41667,1
3.42500,1
3.43333,1
3.44167,1
3.45000,0
3.45833,0
3.46667,-0
3.47500,-0
3.48333,-0
3.49167,-0
3.50000,-0
3.50833,-0
3.51667,-0
3.52500,-0
3.53333,0
3.54167,0
3.55000,0
3.55833,0
3.56667,0
3.57500,0
3.58333,1
3.59167,1
3.60000,1
3.60833,1
3.61667,2
3.62500,2
3.63333,2
3.64167,3
3.65000,3
3.65833,3
3.66667,4
3.67500,3
3.68333,3
3.69167,3
3.70000,4
3.70833,4
3.71667,4
3.72500,4
3.73333,4
3.74167,5
3.75000,5
3.75833,5
3.76667,6
3.77500,6
3.78333,7
3.79167,7
3.80000,7
3.80833,7
3.81667,7
3.82500,8
3.83333,8
3.84167,8
3.85000,8
3.85833,8
3.86667,8
3.87500,8
3.88333,9
3.89167,9
3.90000,9
3.90833,9
3.91667,8
3.92500,8
3.93333,8
3.94167,8
3.95000,9
3.95833,9
3.96667,10
3.97500,10
3.98333,10
3.99167,10
4.00000,10
4.00833,10
4.01667,10
4.02500,10
4.03333,10
4.04167,10
4.05000,11
4.05833,11
4.06667,11
4.07500,11
4.08333,11
4.09167,12
4.10000,12
4.10833,12
4.11667,12
4.12500,12
4.13333,12
4.14167,12
4.15000,12
4.15833,12
4.16667,12
4.17500,12
4.18333,12
4.19167,12
4.20000,13
4.20833,13
4.21667,13
4.22500,13
4.23333,13
4.24167,13
4.25000,13
4.25833,13
4.26667,13
4.27500,13
4.28333,13
4.29167,13
4.30000,14
4.30833,14
4.31667,14
4.32500,14
4.33333,14
4.34167,14
4.35000,14
4.35833,13
4.36667,13
4.37500,13
4.38333,13
4.39167,13
4.40000,12
4.40833,12
4.41667,12
4.42500,12
4.43333,12
4.44167,11
4.45000,12
4.45833,12
4.46667,12
4.47500,11
4.48333,11
4.49167,11
4.50000,11
4.50833,11
4.51667,11
4.52500,11
4.53333,11
4.54167,11
4.55000,11
4.55833,11
4.56667,11
4.57500,11
4.58333,11
4.59167,11
4.60000,11
4.60833,11
4.61667,11
4.62500,11
4.63333,11
4.64167,11
4.65000,12
4.65833,12
4.66667,12
4.67500,12
4.68333,13
4.69167,14
4.70000,14
4.70833,14
4.71667,14
4.72500,14
4.73333,14
4.74167,14
4.75000,15
4.75833,15
4.76667,15
4.77500,15
4.78333,15
4.79167,15
4.80000,15
4.80833,15
4.81667,15
4.82500,16
4.83333,16
4.84167,16
4.85000,16
4.85833,16
4.86667,16
4.87500,15
4.88333,15
4.89167,15
4.90000,15
4.90833,16
4.91667,16
4.92500,16
4.93333,16
4.94167,16
4.95000,16
4.95833,16
4.96667,16
4.97500,16
4.98333,15
4.99167,15
5.00000,15
5.00833,15
5.01667,14
5.02500,14
5.03333,14
5.04167,13
5.05000,13
5.05833,13
5.06667,13
5.07500,13
5.08333,13
5.09167,13
5.10000,12
5.10833,12
5.11667,12
5.12500,11
5.13333,11
5.14167,11
5.15000,11
5.15833,11
5.16667,11
5.17500,10
5.18333,10
5.19167,11
5.20000,11
5.20833,11
5.21667,10
5.22500,10
5.23333,10
5.24167,9
5.25000,9
5.25833,9
5.26667,9
5.27500,9
5.28333,9
5.29167,9
5.30000,9
5.30833,9
5.31667,9
5.32500,9
5.33333,10
5.34167,10
5.35000,10
5.35833,10
5.36667,10
5.37500,10
5.38333,10
5.39167,10
5.40000,10
5.40833,11
5.41667,11
5.42500,11
5.43333,11
5.44167,11
5.45000,11
5.45833,11
5.46667,12
5.47500,12
5.48333,12
5.49167,13
5.50000,13
5.50833,13
5.51667,13
5.52500,13
5.53333,13
5.54167,14
5.55000,14
5.55833,14
5.56667,15
5.57500,16
5.58333,16
5.59167,16
5.60000,16
5.60833,16
5.61667,17
5.62500,17
5.63333,17
5.64167,18
5.65000,18
5.65833,19
5.66667,19
5.67500,19
5.68333,20
5.69167,20
5.70000,20
5.70833,21
5.71667,21
5.72500,21
5.73333,21
5.74167,21
5.75000,22
5.75833,22
5.76667,22
5.77500,22
5.78333,22
5.79167,22
5.80000,22
5.80833,22
5.81667,22
5.82500,22
5.83333,22
5.84167,22
5.85000,21
5.85833,21
5.86667,22
5.87500,22
5.88333,22
5.89167,22
5.90000,21
5.90833,21
5.91667,21
5.92500,21
5.93333,21
5.94167,20
5.95000,20
5.95833,20
5.96667,19
5.97500,19
5.98333,19
5.99167,19
6.00000,18
6.00833,18
6.01667,18
6.02500,17
6.03333,17
6.04167,17
6.05000,17
6.05833,17
6.06667,16
6.07500,17
6.08333,16
6.09167,16
6.10000,15
6.10833,15
6.11667,14
6.12500,14
6.13333,14
6.14167,14
6.15000,13
6.15833,13
6.16667,12
6.17500,12
6.18333,11
6.19167,11
6.20000,11
6.20833,12
6.21667,12
6.22500,11
6.23333,12
6.24167,12
6.25000,12
6.25833,12
6.26667,11
6.27500,11
6.28333,11
6.29167,11
6.30000,11
6.30833,11
6.31667,11
6.32500,11
6.33333,11
6.34167,11
6.35000,10
6.35833,10
6.36667,10
6.37500,10
6.38333,10
6.39167,11
6.40000,11
6.40833,11
6.41667,12
6.42500,12
6.43333,12
6.44167,12
6.45000,12
6.45833,12
6.46667,12
6.47500,11
6.48333,11
6.49167,11
6.50000,11
6.50833,11
6.51667,12
6.52500,12
6.53333,13
6.54167,13
6.55000,13
6.55833,13
6.56667,13
6.57500,13
6.58333,13
6.59167,14
6.60000,14
6.60833,14
6.61667,14
6.62500,14
6.63333,15
6.64167,15
6.65000,15
6.65833,16
6.66667,16
6.67500,16
6.68333,16
6.69167,16
6.70000,16
6.70833,17
6.71667,17
6.72500,17
6.73333,18
6.74167,18
6.75000,18
6.75833,18
6.76667,18
6.77500,18
6.78333,18
6.79167,19
6.80000,19
6.80833,19
6.81667,19
6.82500,19
6.83333,19
6.84167,19
6.85000,19
6.85833,20
6.86667,20
6.87500,19
6.88333,19
6.89167,19
6.90000,19
6.90833,19
6.91667,19
6.92500,19
6.93333,19
6.94167,18
6.95000,18
6.95833,18
6.96667,17
6.97500,17
6.98333,17
6.99167,16
7.00000,16
7.00833,16
7.01667,16
7.02500,16
7.03333,15
7.04167,15
7.05000,14
7.05833,14
7.06667,14
7.07500,14
7.08333,13
7.09167,13
7.10000,13
7.10833,12
7.11667,12
7.12500,12
7.13333,11
7.14167,11
7.15000,11
7.15833,11
7.16667,11
7.17500,11
7.18333,11
7.19167,11
7.20000,11
7.20833,11
7.21667,11
7.22500,11
7.23333,12
7.24167,12
7.25000,12
7.25833,12
7.26667,12
7.27500,12
7.28333,12
7.29167,12
7.30000,12
7.30833,13
7.31667,13
7.32500,14
7.33333,14
7.34167,14
7.35000,14
7.35833,14
7.36667,15
7.37500,15
7.38333,15
7.39167,16
7.40000,16
7.40833,16
7.41667,16
7.42500,16
7.43333,16
7.44167,16
7.45000,16
7.45833,16
7.46667,16
7.47500,16
7.48333,16
7.49167,17
7.50000,17
7.50833,17
7.51667,17
7.52500,17
7.53333,16
7.54167,16
7.55000,16
7.55833,17
7.56667,17
7.57500,17
7.58333,17
7.59167,17
7.60000,16
7.60833,16
7.61667,16
7.62500,16
7.63333,16
7.64167,16
7.65000,15
7.65833,15
7.66667,15
7.67500,15
7.68333,15
7.69167,15
7.70000,15
7.70833,15
7.71667,15
7.72500,15
7.73333,15
7.74167,16
7.75000,16
7.75833,16
7.76667,16
7.77500,16
7.78333,15
7.79167,15
7.80000,15
7.80833,15
7.81667,15
7.82500,15
7.83333,15
7.84167,15
7.85000,15
7.85833,15
7.86667,15
7.87500,15
7.88333,15
7.89167,15
7.90000,15
7.90833,15
7.91667,14
7.92500,14
7.93333,14
7.94167,14
7.95000,14
7.95833,14
7.96667,14
7.97500,14
7.98333,14
7.99167,14
8.00000,14
8.00833,14
8.01667,14
8.02500,13
8.03333,13
8.04167,14
8.05000,14
8.05833,14
8.06667,14
8.07500,14
8.08333,13
8.09167,13
8.10000,13
8.10833,13
8.11667,14
8.12500,14
8.13333,14
8.14167,13
8.15000,14
8.15833,14
8.16667,14
8.17500,14
8.18333,14
8.19167,14
8.20000,15
8.20833,15
8.21667,15
8.22500,14
8.23333,14
8.24167,14
8.25000,14
8.25833,14
8.26667,15
8.27500,15
8.28333,15
8.29167,15
8.30000,15
8.30833,15
8.31667,15
8.32500,15
8.33333,14
8.34167,14
8.35000,14
8.35833,14
8.36667,14
8.37500,14
8.38333,13
8.39167,13
8.40000,14
8.40833,14
8.41667,14
8.42500,14
8.43333,14
8.44167,14
8.45000,13
8.45833,13
8.46667,13
8.47500,13
8.48333,14
8.49167,14
8.50000,14
8.50833,14
8.51667,15
8.52500,15
8.53333,15
8.54167,15
8.55000,14
8.55833,14
8.56667,15
8.57500,15
8.58333,15
8.59167,15
8.60000,15
8.60833,15
8.61667,15
8.62500,15
8.63333,15
8.64167,15
8.65000,15
8.65833,15
8.66667,15
8.67500,16
8.68333,16
8.69167,16
8.70000,16
8.70833,15
8.71667,16
8.72500,16
8.73333,16
8.74167,16
8.75000,16
8.75833,16
8.76667,16
8.77500,16
8.78333,16
8.79167,17
8.80000,17
8.80833,17
8.81667,17
8.82500,17
8.83333,17
8.84167,18
8.85000,18
8.85833,18
8.86667,18
8.87500,19
8.88333,19
8.89167,20
8.90000,20
8.90833,20
8.91667,21
8.92500,21
8.93333,21
8.94167,21
8.95000,21
8.95833,21
8.96667,22
8.97500,22
8.98333,22
8.99167,22
9.00000,22
9.00833,22
9.01667,22
9.02500,22
9.03333,23
9.04167,23
9.05000,24
9.05833,24
9.06667,24
9.07500,24
9.08333,23
9.09167,23
9.10000,23
9.10833,23
9.11667,23
9.12500,23
9.13333,23
9.14167,23
9.15000,23
9.15833,23
9.16667,23
9.17500,23
9.18333,23
9.19167,23
9.20000,23
9.20833,23
9.21667,23
9.22500,23
9.23333,23
9.24167,23
9.25000,23
9.25833,23
9.26667,23
9.27500,23
9.28333,23
9.29167,23
9.30000,22
9.30833,22
9.31667,22
9.32500,22
9.33333,22
9.34167,22
9.35000,21
9.35833,21
9.36667,21
9.37500,21
9.38333,21
9.39167,21
9.40000,20
9.40833,20
9.41667,20
9.42500,21
9.43333,21
9.44167,21
9.45000,21
9.45833,21
9.46667,21
9.47500,21
9.48333,21
9.49167,21
9.50000,21
9.50833,21
9.51667,21
9.52500,21
9.53333,21
9.54167,21
9.55000,22
9.55833,22
9.56667,22
9.57500,22
9.58333,22
9.59167,22
9.60000,22
9.60833,23
9.61667,23
9.62500,23
9.63333,23
9.64167,23
9.65000,24
9.65833,24
9.66667,24
9.67500,24
9.68333,25
9.69167,25
9.70000,25
9.70833,25
9.71667,25
9.72500,25
9.73333,26
9.74167,26
9.75000,26
9.75833,26
9.76667,26
9.77500,26
9.78333,26
9.79167,26
9.80000,26
9.80833,26
9.81667,26
9.82500,27
9.83333,26
9.84167,26
9.85000,26
9.85833,26
9.86667,25
9.87500,25
9.88333,25
9.89167,25
9.90000,25
9.90833,25
9.91667,25
9.92500,26
9.93333,26
9.94167,26
9.95000,26
9.95833,26
9.96667,26
9.97500,26
9.98333,26
9.99167,26
10.00000,26
10.00833,26
10.01667,27
10.02500,27
10.03333,27
10.04167,27
10.05000,27
10.05833,27
10.06667,28
10.07500,28
10.08333,28
10.09167,28
10.10000,29
10.10833,29
10.11667,29
10.12500,30
10.13333,30
10.14167,30
10.15000,30
10.15833,30
10.16667,30
10.17500,30
10.18333,30
10.19167,30
10.20000,30
10.20833,30
10.21667,31
10.22500,31
10.23333,31
10.24167,31
10.25000,31
10.25833,31
10.26667,30
10.27500,30
10.28333,30
10.29167,29
10.30000,29
10.30833,30
10.31667,30
10.32500,29
10.33333,29
10.34167,29
10.35000,28
10.35833,28
10.36667,29
10.37500,29
10.38333,29
10.39167,29
10.40000,29
10.40833,30
10.41667,30
10.42500,31
10.43333,31
10.44167,32
10.45000,34
10.45833,36
10.46667,39
10.47500,42
10.48333,46
10.49167,52
10.50000,59
10.50833,68
10.51667,79
10.52500,95
10.53333,114
10.54167,139
10.55000,168
10.55833,205
10.56667,251
10.57500,306
10.58333,373
10.59167,454
10.60000,551
10.60833,664
10.61667,797
10.62500,952
10.63333,1131
10.64167,1335
10.65000,1566
10.65833,1826
10.66667,2117
10.67500,2439
10.68333,2793
10.69167,3180
10.70000,3599
10.70833,4050
10.71667,4531
10.72500,5041
10.73333,5576
10.74167,6135
10.75000,6712
10.75833,7304
10.76667,7905
10.77500,8510
10.78333,9113
10.79167,9707
10.80000,10283
10.80833,10836
10.81667,11357
10.82500,11840
10.83333,12275
10.84167,12657
10.85000,12979
10.85833,13234
10.86667,13418
10.87500,13529
10.88333,13562
10.89167,13518
10.90000,13397
10.90833,13201
10.91667,12933
10.92500,12598
10.93333,12202
10.94167,11752
10.95000,11256
10.95833,10722
10.96667,10158
10.97500,9573
10.98333,8975
10.99167,8373
11.00000,7774
11.00833,7184
11.01667,6609
11.02500,6054
11.03333,5523
11.04167,5019
11.05000,4545
11.05833,4102
11.06667,3690
11.07500,3310
11.08333,2960
11.09167,2641
11.10000,2351
11.10833,2087
11.11667,1850
11.12500,1638
11.13333,1447
11.14167,1278
11.15000,1127
11.15833,993
11.16667,875
11.17500,771
11.18333,680
11.19167,600
11.20000,530
11.20833,470
11.21667,417
11.22500,372
11.23333,332
11.24167,299
11.25000,270
11.25833,245
11.26667,224
11.27500,206
11.28333,190
11.29167,178
11.30000,167
11.30833,158
11.31667,150
11.32500,144
11.33333,138
11.34167,133
11.35000,129
11.35833,125
11.36667,121
11.37500,119
11.38333,116
11.39167,113
11.40000,111
11.40833,109
11.41667,106
11.42500,104
11.43333,102
11.44167,101
11.45000,99
11.45833,96
11.46667,94
11.47500,92
11.48333,90
11.49167,87
11.50000,85
11.50833,83
11.51667,81
11.52500,79
11.53333,77
11.54167,75
11.55000,72
11.55833,70
11.56667,68
11.57500,66
11.58333,64
11.59167,62
11.60000,60
11.60833,58
11.61667,56
11.62500,55
11.63333,53
11.64167,52
11.65000,50
11.65833,48
11.66667,47
11.67500,45
11.68333,44
11.69167,42
11.70000,41
11.70833,40
11.71667,39
11.72500,37
11.73333,36
11.74167,35
11.75000,34
11.75833,33
11.76667,32
11.77500,32
11.78333,31
11.79167,31
11.80000,30
11.80833,29
11.81667,28
11.82500,27
11.83333,26
11.84167,26
11.85000,25
11.85833,25
11.86667,24
11.87500,24
11.88333,24
11.89167,24
11.90000,24
11.90833,24
11.91667,23
11.92500,23
11.93333,23
11.94167,23
11.95000,23
11.95833,23
11.96667,23
11.97500,23
11.98333,23
11.99167,23
12.00000,23
12.00833,24
12.01667,24
12.02500,24
12.03333,24
12.04167,23
12.05000,23
12.05833,24
12.06667,24
12.07500,25
12.08333,25
12.09167,25
12.10000,25
12.10833,26
12.11667,26
12.12500,26
12.13333,26
12.14167,26
12.15000,27
12.15833,27
12.16667,27
12.17500,27
12.18333,27
12.19167,27
12.20000,27
12.20833,27
12.21667,27
12.22500,27
12.23333,27
12.24167,27
12.25000,27
12.25833,27
12.26667,28
12.27500,28
12.28333,28
12.29167,28
12.30000,29
12.30833,29
12.31667,29
12.32500,29
12.33333,29
12.34167,29
12.35000,29
12.35833,30
12.36667,30
12.37500,30
12.38333,30
12.39167,31
12.40000,31
12.40833,31
12.41667,31
12.42500,31
12.43333,31
12.44167,31
12.45000,31
12.45833,31
12.46667,31
12.47500,31
12.48333,31
12.49167,31
12.50000,31
12.50833,31
12.51667,31
12.52500,31
12.53333,31
12.54167,32
12.55000,32
12.55833,33
12.56667,34
12.57500,35
12.58333,36
12.59167,37
12.60000,39
12.60833,42
12.61667,45
12.62500,49
12.63333,54
12.64167,60
12.65000,68
12.65833,77
12.66667,89
12.67500,103
12.68333,119
12.69167,138
12.70000,161
12.70833,187
12.71667,218
12.72500,253
12.73333,292
12.74167,337
12.75000,387
12.75833,443
12.76667,504
12.77500,572
12.78333,645
12.79167,726
12.80000,813
12.80833,907
12.81667,1007
12.82500,1115
12.83333,1229
12.84167,1351
12.85000,1479
12.85833,1613
12.86667,1754
12.87500,1901
12.88333,2054
12.89167,2213
12.90000,2378
12.90833,2549
12.91667,2725
12.92500,2906
12.93333,3093
12.94167,3285
12.95000,3482
12.95833,3683
12.96667,3889
12.97500,4099
12.98333,4313
12.99167,4531
13.00000,4753
13.00833,4980
13.01667,5209
13.02500,5442
13.03333,5679
13.04167,5918
13.05000,6161
13.05833,6407
13.06667,6656
13.07500,6908
13.08333,7163
13.09167,7421
13.10000,7682
13.10833,7945
13.11667,8212
13.12500,8480
13.13333,8752
13.14167,9026
13.15000,9302
13.15833,9581
13.16667,9862
13.17500,10146
13.18333,10432
13.19167,10721
13.20000,11012
13.20833,11305
13.21667,11601
13.22500,11899
13.23333,12199
13.24167,12502
13.25000,12808
13.25833,13115
13.26667,13425
13.27500,13737
13.28333,14052
13.29167,14369
13.30000,14688
13.30833,15009
13.31667,15333
13.32500,15659
13.33333,15987
13.34167,16318
13.35000,16651
13.35833,16987
13.36667,17325
13.37500,17665
13.38333,18008
13.39167,18353
13.40000,18700
13.40833,19050
13.41667,19402
13.42500,19757
13.43333,20114
13.44167,20474
13.45000,20836
13.45833,21201
13.46667,21569
13.47500,21939
13.48333,22311
13.49167,22687
13.50000,23064
13.50833,23445
13.51667,23828
13.52500,24214
13.53333,24602
13.54167,24994
13.55000,25387
13.55833,25784
13.56667,26183
13.57500,26585
13.58333,26990
13.59167,27398
13.60000,27808
13.60833,28222
13.61667,28638
13.62500,29057
13.63333,29479
13.64167,29904
13.65000,30332
13.65833,30763
13.66667,31197
13.67500,31634
13.68333,32075
13.69167,32518
13.70000,32964
13.70833,33414
13.71667,33866
13.72500,34321
13.73333,34779
13.74167,35241
13.75000,35706
13.75833,36174
13.76667,36646
13.77500,37120
13.78333,37598
13.79167,38079
13.80000,38563
13.80833,39050
13.81667,39538
13.82500,40025
13.83333,40511
13.84167,40991
13.85000,41458
13.85833,41906
13.86667,42321
13.87500,42688
13.88333,42990
13.89167,43202
13.90000,43302
13.90833,43264
13.91667,43062
13.92500,42673
13.93333,42077
13.94167,41263
13.95000,40223
13.95833,38961
13.96667,37487
13.97500,35821
13.98333,33991
13.99167,32029
14.00000,29973
14.00833,27862
14.01667,25735
14.02500,23630
14.03333,21581
14.04167,19619
14.05000,17766
14.05833,16041
14.06667,14457
14.07500,13022
14.08333,11737
14.09167,10603
14.10000,9617
14.10833,8771
14.11667,8058
14.12500,7469
14.13333,6994
14.14167,6625
14.15000,6351
14.15833,6163
14.16667,6052
14.17500,6008
14.18333,6022
14.19167,6087
14.20000,6193
14.20833,6334
14.21667,6502
14.22500,6689
14.23333,6888
14.24167,7094
14.25000,7299
14.25833,7499
14.26667,7688
14.27500,7861
14.28333,8015
14.29167,8145
14.30000,8249
14.30833,8325
14.31667,8371
14.32500,8386
14.33333,8370
14.34167,8322
14.35000,8244
14.35833,8136
14.36667,8000
14.37500,7838
14.38333,7652
14.39167,7444
14.40000,7218
14.40833,6975
14.41667,6719
14.42500,6452
14.43333,6178
14.44167,5898
14.45000,5615
14.45833,5331
14.46667,5049
14.47500,4770
14.48333,4497
14.49167,4230
14.50000,3971
14.50833,3721
14.51667,3481
14.52500,3252
14.53333,3033
14.54167,2826
14.55000,2630
14.55833,2446
14.56667,2273
14.57500,2110
14.58333,1960
14.59167,1819
14.60000,1689
14.60833,1568
14.61667,1456
14.62500,1353
14.63333,1259
14.64167,1171
14.65000,1091
14.65833,1018
14.66667,951
14.67500,889
14.68333,833
14.69167,782
14.70000,736
14.70833,693
14.71667,654
14.72500,619
14.73333,587
14.74167,558
14.75000,532
14.75833,507
14.76667,485
14.77500,465
14.78333,446
14.79167,429
14.80000,413
14.80833,400
14.81667,387
14.82500,375
14.83333,365
14.84167,355
14.85000,346
14.85833,339
14.86667,331
14.87500,325
14.88333,319
14.89167,314
14.90000,310
14.90833,306
14.91667,302
14.92500,300
14.93333,297
14.94167,295
14.95000,294
14.95833,293
14.96667,293
14.97500,293
14.98333,294
14.99167,294
15.00000,295
15.00833,297
15.01667,299
15.02500,301
15.03333,304
15.04167,308
15.05000,311
15.05833,315
15.06667,319
15.07500,323
15.08333,328
15.09167,333
15.10000,338
15.10833,344
15.11667,350
15.12500,357
15.13333,365
15.14167,374
15.15000,384
15.15833,396
15.16667,410
15.17500,426
15.18333,444
15.19167,467
15.20000,494
15.20833,526
15.21667,565
15.22500,610
15.23333,665
15.24167,729
15.25000,805
15.25833,895
15.26667,999
15.27500,1122
15.28333,1265
15.29167,1429
15.30000,1618
15.30833,1835
15.31667,2083
15.32500,2364
15.33333,2682
15.34167,3039
15.35000,3438
15.35833,3882
15.36667,4373
15.37500,4913
15.38333,5506
15.39167,6151
15.40000,6851
15.40833,7606
15.41667,8416
15.42500,9280
15.43333,10199
15.44167,11170
15.45000,12190
15.45833,13258
15.46667,14367
15.47500,15515
15.48333,16696
15.49167,17904
15.50000,19132
15.50833,20374
15.51667,21622
15.52500,22868
15.53333,24105
15.54167,25323
15.55000,26515
15.55833,27672
15.56667,28786
15.57500,29850
15.58333,30855
15.59167,31795
15.60000,32662
15.60833,33451
15.61667,34156
15.62500,34772
15.63333,35297
15.64167,35726
15.65000,36059
15.65833,36293
15.66667,36428
15.67500,36464
15.68333,36403
15.69167,36247
15.70000,35998
15.70833,35660
15.71667,35237
15.72500,34732
15.73333,34153
15.74167,33502
15.75000,32787
15.75833,32014
15.76667,31189
15.77500,30317
15.78333,29406
15.79167,28461
15.80000,27488
15.80833,26494
15.81667,25485
15.82500,24466
15.83333,23442
15.84167,22419
15.85000,21400
15.85833,20391
15.86667,19395
15.87500,18416
15.88333,17458
15.89167,16522
15.90000,15612
15.90833,14729
15.91667,13876
15.92500,13053
15.93333,12262
15.94167,11504
15.95000,10779
15.95833,10087
15.96667,9429
15.97500,8804
15.98333,8212
15.99167,7652
16.00000,7124
16.00833,6627
16.01667,6160
16.02500,5722
16.03333,5312
16.04167,4928
16.05000,4570
16.05833,4236
16.06667,3926
16.07500,3638
16.08333,3371
16.09167,3123
16.10000,2894
16.10833,2682
16.11667,2487
16.12500,2306
16.13333,2140
16.14167,1987
16.15000,1846
16.15833,1717
16.16667,1597
16.17500,1488
16.18333,1388
16.19167,1296
16.20000,1212
16.20833,1135
16.21667,1064
16.22500,1000
16.23333,940
16.24167,886
16.25000,836
16.25833,790
16.26667,748
16.27500,710
16.28333,675
16.29167,643
16.30000,613
16.30833,586
16.31667,561
16.32500,538
16.33333,517
16.34167,497
16.35000,479
16.35833,462
16.36667,447
16.37500,433
16.38333,419
16.39167,407
16.40000,396
16.40833,385
16.41667,375
16.42500,366
16.43333,358
16.44167,350
16.45000,343
16.45833,336
16.46667,330
16.47500,324
16.48333,318
16.49167,313
16.50000,308
16.50833,303
16.51667,299
16.52500,295
16.53333,291
16.54167,288
16.55000,285
16.55833,281
16.56667,278
16.57500,275
16.58333,272
16.59167,269
16.60000,267
16.60833,265
16.61667,263
16.62500,261
16.63333,259
16.64167,257
16.65000,255
16.65833,253
16.66667,251
16.67500,249
16.68333,247
16.69167,245
16.70000,244
16.70833,242
16.71667,241
16.72500,239
16.73333,238
16.74167,236
16.75000,235
16.75833,234
16.76667,232
16.77500,231
16.78333,230
16.79167,229
16.80000,227
16.80833,225
16.81667,224
16.82500,223
16.83333,222
16.84167,221
16.85000,219
16.85833,218
16.86667,217
16.87500,216
16.88333,215
16.89167,214
16.90000,213
16.90833,212
16.91667,210
16.92500,209
16.93333,208
16.94167,207
16.95000,205
16.95833,204
16.96667,204
16.97500,202
16.98333,201
16.99167,200
17.00000,199
17.00833,198
17.01667,197
17.02500,196
17.03333,195
17.04167,194
17.05000,192
17.05833,191
17.06667,190
17.07500,189
17.08333,188
17.09167,188
17.10000,187
17.10833,186
17.11667,186
17.12500,185
17.13333,184
17.14167,183
17.15000,183
17.15833,181
17.16667,180
17.17500,179
17.18333,178
17.19167,178
17.20000,177
17.20833,176
17.21667,176
17.22500,175
17.23333,173
17.24167,172
17.25000,171
17.25833,170
17.26667,169
17.27500,168
17.28333,167
17.29167,166
17.30000,166
17.30833,165
17.31667,164
17.32500,163
17.33333,162
17.34167,160
17.35000,159
17.35833,158
17.36667,157
17.37500,156
17.38333,156
17.39167,155
17.40000,154
17.40833,153
17.41667,153
17.42500,151
17.43333,150
17.44167,149
17.45000,148
17.45833,148
17.46667,147
17.47500,146
17.48333,145
17.49167,144
17.50000,144
17.50833,143
17.51667,142
17.52500,141
17.53333,140
17.54167,140
17.55000,139
17.55833,138
17.56667,137
17.57500,136
17.58333,136
17.59167,135
17.60000,134
17.60833,133
17.61667,133
17.62500,132
17.63333,131
17.64167,131
17.65000,130
17.65833,129
17.66667,128
17.67500,127
17.68333,127
17.69167,126
17.70000,125
17.70833,125
17.71667,124
17.72500,123
17.73333,122
17.74167,122
17.75000,121
17.75833,121
17.76667,121
17.77500,121
17.78333,121
17.79167,121
17.80000,120
17.80833,119
17.81667,119
17.82500,118
17.83333,118
17.84167,118
17.85000,117
17.85833,117
17.86667,117
17.87500,117
17.88333,116
17.89167,116
17.90000,115
17.90833,115
17.91667,115
17.92500,115
17.93333,115
17.94167,115
17.95000,116
17.95833,115
17.96667,115
17.97500,115
17.98333,115
17.99167,115
18.00000,115
18.00833,115
18.01667,115
18.02500,115
18.03333,115
18.04167,115
18.05000,115
18.05833,116
18.06667,116
18.07500,117
18.08333,117
18.09167,117
18.10000,116
18.10833,117
18.11667,117
18.12500,118
18.13333,118
18.14167,118
18.15000,118
18.15833,119
18.16667,118
18.17500,118
18.18333,118
18.19167,117
18.20000,117
18.20833,117
18.21667,117
18.22500,117
18.23333,117
18.24167,117
18.25000,117
18.25833,117
18.26667,117
18.27500,117
18.28333,116
18.29167,116
18.30000,116
18.30833,115
18.31667,115
18.32500,115
18.33333,114
18.34167,114
18.35000,114
18.35833,114
18.36667,114
18.37500,113
18.38333,113
18.39167,112
18.40000,111
18.40833,111
18.41667,110
18.42500,109
18.43333,109
18.44167,109
18.45000,108
18.45833,108
18.46667,108
18.47500,107
18.48333,107
18.49167,107
18.50000,106
18.50833,106
18.51667,105
18.52500,105
18.53333,104
18.54167,104
18.55000,103
18.55833,103
18.56667,102
18.57500,102
18.58333,101
18.59167,100
18.60000,100
18.60833,100
18.61667,100
18.62500,99
18.63333,99
18.64167,99
18.65000,98
18.65833,98
18.66667,98
18.67500,98
18.68333,98
18.69167,98
18.70000,98
18.70833,98
18.71667,99
18.72500,99
18.73333,100
18.74167,100
18.75000,101
18.75833,102
18.76667,103
18.77500,104
18.78333,105
18.79167,106
18.80000,108
18.80833,109
18.81667,111
18.82500,113
18.83333,115
18.84167,118
18.85000,120
18.85833,123
18.86667,126
18.87500,129
18.88333,132
18.89167,135
18.90000,138
18.90833,141
18.91667,144
18.92500,148
18.93333,151
18.94167,155
18.95000,158
18.95833,161
18.96667,164
18.97500,167
18.98333,170
18.99167,172
19.00000,175
19.00833,177
19.01667,179
19.02500,181
19.03333,183
19.04167,185
19.05000,186
19.05833,187
19.06667,187
19.07500,187
19.08333,187
19.09167,187
19.10000,186
19.10833,185
19.11667,184
19.12500,183
19.13333,182
19.14167,181
19.15000,180
19.15833,178
19.16667,176
19.17500,174
19.18333,171
19.19167,169
19.20000,166
19.20833,164
19.21667,162
19.22500,159
19.23333,156
19.24167,152
19.25000,149
19.25833,146
19.26667,144
19.27500,141
19.28333,138
19.29167,135
19.30000,133
19.30833,130
19.31667,128
19.32500,126
19.33333,123
19.34167,121
19.35000,119
19.35833,117
19.36667,116
19.37500,114
19.38333,112
19.39167,111
19.40000,109
19.40833,108
19.41667,106
19.42500,104
19.43333,103
19.44167,102
19.45000,101
19.45833,100
19.46667,100
19.47500,99
19.48333,98
19.49167,97
19.50000,97
19.50833,96
19.51667,96
19.52500,95
19.53333,95
19.54167,94
19.55000,94
19.55833,93
19.56667,93
19.57500,92
19.58333,91
19.59167,91
19.60000,91
19.60833,90
19.61667,90
19.62500,89
19.63333,89
19.64167,88
19.65000,88
19.65833,87
19.66667,87
19.67500,86
19.68333,86
19.69167,85
19.70000,85
19.70833,85
19.71667,84
19.72500,84
19.73333,83
19.74167,82
19.75000,82
19.75833,81
19.76667,80
19.77500,80
19.78333,80
19.79167,80
19.80000,80
19.80833,80
19.81667,79
19.82500,78
19.83333,78
19.84167,78
19.85000,77
19.85833,77
19.86667,76
19.87500,76
19.88333,76
19.89167,75
19.90000,75
19.90833,74
19.91667,74
19.92500,74
19.93333,73
19.94167,73
19.95000,73
19.95833,72
19.96667,72
19.97500,72
19.98333,72
19.99167,71
20.00000,71
20.00833,71
20.01667,71
20.02500,70
20.03333,70
20.04167,70
20.05000,70
20.05833,69
20.06667,68
20.07500,68
20.08333,68
20.09167,67
20.10000,66
20.10833,66
20.11667,65
20.12500,64
20.13333,64
20.14167,63
20.15000,63
20.15833,62
20.16667,61
20.17500,60
20.18333,60
20.19167,59
20.20000,58
20.20833,57
20.21667,57
20.22500,56
20.23333,55
20.24167,55
20.25000,55
20.25833,54
20.26667,54
20.27500,54
20.28333,53
20.29167,52
20.30000,51
20.30833,50
20.31667,50
20.32500,49
20.33333,49
20.34167,48
20.35000,48
20.35833,47
20.36667,47
20.37500,47
20.38333,46
20.39167,46
20.40000,45
20.40833,45
20.41667,44
20.42500,44
20.43333,44
20.44167,44
20.45000,43
20.45833,43
20.46667,43
20.47500,43
20.48333,42
20.49167,42
20.50000,42
20.50833,42
20.51667,43
20.52500,43
20.53333,43
20.54167,43
20.55000,43
20.55833,43
20.56667,43
20.57500,44
20.58333,44
20.59167,44
20.60000,44
20.60833,44
20.61667,44
20.62500,45
20.63333,45
20.64167,46
20.65000,47
20.65833,47
20.66667,48
20.67500,48
20.68333,49
20.69167,50
20.70000,51
20.70833,52
20.71667,53
20.72500,54
20.73333,54
20.74167,55
20.75000,56
20.75833,57
20.76667,57
20.77500,58
20.78333,59
20.79167,60
20.80000,61
20.80833,62
20.81667,62
20.82500,63
20.83333,63
20.84167,64
20.85000,65
20.85833,66
20.86667,66
20.87500,67
20.88333,68
20.89167,69
20.90000,70
20.90833,71
20.91667,72
20.92500,72
20.93333,73
20.94167,74
20.95000,75
20.95833,75
20.96667,76
20.97500,77
20.98333,77
20.99167,78
21.00000,79
21.00833,80
21.01667,81
21.02500,82
21.03333,83
21.04167,84
21.05000,84
21.05833,85
21.06667,85
21.07500,86
21.08333,86
21.09167,87
21.10000,87
21.10833,88
21.11667,89
21.12500,90
21.13333,90
21.14167,91
21.15000,91
21.15833,92
21.16667,92
21.17500,92
21.18333,92
21.19167,92
21.20000,92
21.20833,92
21.21667,93
21.22500,93
21.23333,94
21.24167,94
21.25000,94
21.25833,94
21.26667,94
21.27500,94
21.28333,93
21.29167,93
21.30000,93
21.30833,93
21.31667,93
21.32500,93
21.33333,93
21.34167,92
21.35000,92
21.35833,91
21.36667,91
21.37500,91
21.38333,91
21.39167,90
21.40000,90
21.40833,90
21.41667,89
21.42500,89
21.43333,88
21.44167,88
21.45000,87
21.45833,87
21.46667,86
21.47500,86
21.48333,85
21.49167,84
21.50000,84
21.50833,83
21.51667,83
21.52500,82
21.53333,82
21.54167,82
21.55000,81
21.55833,81
21.56667,80
21.57500,80
21.58333,80
21.59167,80
21.60000,79
21.60833,79
21.61667,79
21.62500,79
21.63333,78
21.64167,77
21.65000,77
21.65833,76
21.66667,76
21.67500,76
21.68333,76
21.69167,75
21.70000,75
21.70833,75
21.71667,75
21.72500,75
21.73333,75
21.74167,74
21.75000,74
21.75833,74
21.76667,73
21.77500,73
21.78333,73
21.79167,73
21.80000,72
21.80833,72
21.81667,72
21.82500,71
21.83333,71
21.84167,71
21.85000,71
21.85833,71
21.86667,71
21.87500,71
21.88333,71
21.89167,72
21.90000,72
21.90833,72
21.91667,71
21.92500,71
21.93333,71
21.94167,71
21.95000,71
21.95833,72
21.96667,72
21.97500,72
21.98333,72
21.99167,72
22.00000,72
22.00833,72
22.01667,72
22.02500,72
22.03333,72
22.04167,72
22.05000,72
22.05833,72
22.06667,72
22.07500,72
22.08333,72
22.09167,72
22.10000,72
22.10833,72
22.11667,72
22.12500,72
22.13333,72
22.14167,72
22.15000,72
22.15833,72
22.16667,72
22.17500,72
22.18333,71
22.19167,71
22.20000,72
22.20833,72
22.21667,72
22.22500,72
22.23333,72
22.24167,72
22.25000,72
22.25833,72
22.26667,72
22.27500,71
22.28333,71
22.29167,71
22.30000,71
22.30833,71
22.31667,71
22.32500,71
22.33333,71
22.34167,70
22.35000,70
22.35833,70
22.36667,70
22.37500,69
22.38333,70
22.39167,69
22.40000,69
22.40833,69
22.41667,69
22.42500,69
22.43333,68
22.44167,68
22.45000,68
22.45833,67
22.46667,67
22.47500,67
22.48333,67
22.49167,67
22.50000,66
22.50833,66
22.51667,66
22.52500,66
22.53333,66
22.54167,65
22.55000,65
22.55833,65
22.56667,65
22.57500,65
22.58333,66
22.59167,66
22.60000,66
22.60833,66
22.61667,67
22.62500,67
22.63333,68
22.64167,68
22.65000,69
22.65833,69
22.66667,69
22.67500,70
22.68333,70
22.69167,70
22.70000,71
22.70833,72
22.71667,73
22.72500,73
22.73333,74
22.74167,75
22.75000,76
22.75833,77
22.76667,78
22.77500,79
22.78333,80
22.79167,82
22.80000,83
22.80833,84
22.81667,85
22.82500,86
22.83333,87
22.84167,87
22.85000,88
22.85833,88
22.86667,89
22.87500,89
22.88333,90
22.89167,90
22.90000,91
22.90833,91
22.91667,92
22.92500,92
22.93333,92
22.94167,93
22.95000,93
22.95833,93
22.96667,93
22.97500,93
22.98333,92
22.99167,92
23.00000,92
23.00833,91
23.01667,91
23.02500,90
23.03333,90
23.04167,89
23.05000,89
23.05833,88
23.06667,88
23.07500,88
23.08333,87
23.09167,87
23.10000,86
23.10833,86
23.11667,85
23.12500,84
23.13333,83
23.14167,82
23.15000,82
23.15833,81
23.16667,80
23.17500,80
23.18333,79
23.19167,79
23.20000,78
23.20833,77
23.21667,77
23.22500,76
23.23333,76
23.24167,75
23.25000,75
23.25833,75
23.26667,74
23.27500,74
23.28333,73
23.29167,72
23.30000,72
23.30833,71
23.31667,71
23.32500,70
23.33333,70
23.34167,70
23.35000,70
23.35833,70
23.36667,70
23.37500,69
23.38333,69
23.39167,69
23.40000,68
23.40833,67
23.41667,66
23.42500,66
23.43333,66
23.44167,66
23.45000,66
23.45833,66
23.46667,66
23.47500,66
23.48333,65
23.49167,65
23.50000,65
23.50833,65
23.51667,64
23.52500,64
23.53333,64
23.54167,63
23.55000,63
23.55833,63
23.56667,63
23.57500,63
23.58333,62
23.59167,62
23.60000,62
23.60833,62
23.61667,61
23.62500,61
23.63333,61
23.64167,60
23.65000,60
23.65833,60
23.66667,60
23.67500,60
23.68333,59
23.69167,59
23.70000,59
23.70833,58
23.71667,58
23.72500,57
23.73333,57
23.74167,57
23.75000,57
23.75833,57
23.76667,57
23.77500,57
23.78333,56
23.79167,56
23.80000,56
23.80833,56
23.81667,56
23.82500,56
23.83333,56
23.84167,56
23.85000,56
23.85833,56
23.86667,56
23.87500,56
23.88333,56
23.89167,56
23.90000,57
23.90833,57
23.91667,57
23.92500,58
23.93333,58
23.94167,58
23.95000,59
23.95833,59
23.96667,59
23.97500,59
23.98333,59
23.99167,59
24.00000,59
24.00833,59
24.01667,59
24.02500,59
24.03333,60
24.04167,59
24.05000,59
24.05833,60
24.06667,61
24.07500,61
24.08333,61
24.09167,62
24.10000,62
24.10833,62
24.11667,62
24.12500,62
24.13333,62
24.14167,62
24.15000,62
24.15833,61
24.16667,61
24.17500,61
24.18333,61
24.19167,61
24.20000,61
24.20833,61
24.21667,61
24.22500,61
24.23333,61
24.24167,61
24.25000,61
24.25833,60
24.26667,60
24.27500,60
24.28333,60
24.29167,60
24.30000,59
24.30833,59
24.31667,59
24.32500,59
24.33333,59
24.34167,58
24.35000,58
24.35833,58
24.36667,58
24.37500,58
24.38333,57
24.39167,57
24.40000,57
24.40833,57
24.41667,57
24.42500,58
24.43333,58
24.44167,57
24.45000,57
24.45833,58
24.46667,58
24.47500,58
24.48333,58
24.49167,58
24.50000,59
24.50833,59
24.51667,60
24.52500,61
24.53333,62
24.54167,63
24.55000,64
24.55833,65
24.56667,67
24.57500,68
24.58333,70
24.59167,71
24.60000,73
24.60833,76
24.61667,78
24.62500,81
24.63333,84
24.64167,87
24.65000,91
24.65833,95
24.66667,100
24.67500,104
24.68333,109
24.69167,113
24.70000,118
24.70833,123
24.71667,129
24.72500,134
24.73333,140
24.74167,147
24.75000,153
24.75833,160
24.76667,167
24.77500,175
24.78333,182
24.79167,190
24.80000,198
24.80833,205
24.81667,213
24.82500,222
24.83333,230
24.84167,238
24.85000,246
24.85833,254
24.86667,262
24.87500,270
24.88333,277
24.89167,285
24.90000,293
24.90833,300
24.91667,307
24.92500,314
24.93333,320
24.94167,327
24.95000,332
24.95833,337
24.96667,342
24.97500,346
24.98333,350
24.99167,353
25.00000,356
25.00833,359
25.01667,361
25.02500,362
25.03333,363
25.04167,364
25.05000,364
25.05833,363
25.06667,362
25.07500,360
25.08333,358
25.09167,355
25.10000,352
25.10833,348
25.11667,344
25.12500,339
25.13333,335
25.14167,330
25.15000,325
25.15833,319
25.16667,313
25.17500,307
25.18333,301
25.19167,294
25.20000,288
25.20833,281
25.21667,275
25.22500,268
25.23333,261
25.24167,255
25.25000,248
25.25833,241
25.26667,234
25.27500,227
25.28333,221
25.29167,214
25.30000,208
25.30833,202
25.31667,196
25.32500,190
25.33333,184
25.34167,178
25.35000,173
25.35833,168
25.36667,163
25.37500,158
25.38333,154
25.39167,149
25.40000,145
25.40833,141
25.41667,137
25.42500,133
25.43333,130
25.44167,126
25.45000,123
25.45833,120
25.46667,117
25.47500,114
25.48333,112
25.49167,109
25.50000,107
25.50833,105
25.51667,103
25.52500,101
25.53333,100
25.54167,98
25.55000,96
25.55833,95
25.56667,94
25.57500,93
25.58333,91
25.59167,90
25.60000,89
25.60833,88
25.61667,87
25.62500,87
25.63333,86
25.64167,85
25.65000,85
25.65833,84
25.66667,84
25.67500,84
25.68333,83
25.69167,83
25.70000,82
25.70833,82
25.71667,81
25.72500,81
25.73333,81
25.74167,81
25.75000,81
25.75833,80
25.76667,80
25.77500,80
25.78333,80
25.79167,80
25.80000,81
25.80833,80
25.81667,80
25.82500,80
25.83333,81
25.84167,81
25.85000,81
25.85833,81
25.86667,81
25.87500,81
25.88333,80
25.89167,80
25.90000,80
25.90833,80
25.91667,80
25.92500,81
25.93333,81
25.94167,82
25.95000,82
25.95833,82
25.96667,82
25.97500,82
25.98333,82
25.99167,82
26.00000,83
26.00833,83
26.01667,83
26.02500,83
26.03333,83
26.04167,83
26.05000,84
26.05833,84
26.06667,84
26.07500,85
26.08333,85
26.09167,85
26.10000,85
26.10833,85
26.11667,85
26.12500,85
26.13333,85
26.14167,85
26.15000,86
26.15833,86
26.16667,86
26.17500,86
26.18333,85
26.19167,85
26.20000,84
26.20833,84
26.21667,84
26.22500,84
26.23333,83
26.24167,83
26.25000,83
26.25833,83
26.26667,83
26.27500,83
26.28333,82
26.29167,82
26.30000,81
26.30833,81
26.31667,80
26.32500,80
26.33333,79
26.34167,78
26.35000,78
26.35833,78
26.36667,77
26.37500,77
26.38333,76
26.39167,76
26.40000,75
26.40833,75
26.41667,74
26.42500,73
26.43333,72
26.44167,71
26.45000,70
26.45833,69
26.46667,69
26.47500,68
26.48333,68
26.49167,67
26.50000,67
26.50833,66
26.51667,65
26.52500,64
26.53333,63
26.54167,62
26.55000,61
26.55833,60
26.56667,60
26.57500,59
26.58333,58
26.59167,58
26.60000,57
26.60833,57
26.61667,56
26.62500,55
26.63333,54
26.64167,54
26.65000,53
26.65833,53
26.66667,52
26.67500,52
26.68333,52
26.69167,51
26.70000,52
26.70833,51
26.71667,51
26.72500,51
26.73333,50
26.74167,50
26.75000,50
26.75833,50
26.76667,50
26.77500,50
26.78333,50
26.79167,50
26.80000,50
26.80833,51
26.81667,51
26.82500,51
26.83333,51
26.84167,51
26.85000,51
26.85833,51
26.86667,52
26.87500,53
26.88333,53
26.89167,53
26.90000,54
26.90833,54
26.91667,55
26.92500,55
26.93333,55
26.94167,55
26.95000,56
26.95833,57
26.96667,58
26.97500,58
26.98333,59
26.99167,59
27.00000,60
27.00833,61
27.01667,62
27.02500,62
27.03333,63
27.04167,64
27.05000,64
27.05833,64
27.06667,64
27.07500,65
27.08333,65
27.09167,66
27.10000,67
27.10833,67
27.11667,68
27.12500,68
27.13333,69
27.14167,70
27.15000,71
27.15833,71
27.16667,72
27.17500,73
27.18333,73
27.19167,74
27.20000,75
27.20833,75
27.21667,76
27.22500,77
27.23333,78
27.24167,78
27.25000,79
27.25833,79
27.26667,80
27.27500,80
27.28333,81
27.29167,82
27.30000,82
27.30833,83
27.31667,83
27.32500,83
27.33333,83
27.34167,84
27.35000,84
27.35833,84
27.36667,85
27.37500,85
27.38333,86
27.39167,86
27.40000,87
27.40833,87
27.41667,87
27.42500,87
27.43333,88
27.44167,88
27.45000,89
27.45833,89
27.46667,89
27.47500,89
27.48333,89
27.49167,90
27.50000,90
27.50833,90
27.51667,89
27.52500,89
27.53333,89
27.54167,89
27.55000,89
27.55833,89
27.56667,89
27.57500,89
27.58333,89
27.59167,88
27.60000,88
27.60833,88
27.61667,87
27.62500,87
27.63333,87
27.64167,86
27.65000,86
27.65833,85
27.66667,85
27.67500,85
27.68333,84
27.69167,83
27.70000,82
27.70833,82
27.71667,81
27.72500,81
27.73333,80
27.74167,79
27.75000,79
27.75833,78
27.76667,78
27.77500,77
27.78333,75
27.79167,74
27.80000,73
27.80833,72
27.81667,71
27.82500,69
27.83333,68
27.84167,67
27.85000,65
27.85833,64
27.86667,62
27.87500,60
27.88333,58
27.89167,56
27.90000,55
27.90833,53
27.91667,51
27.92500,48
27.93333,46
27.94167,44
27.95000,41
27.95833,39
27.96667,36
27.97500,33
27.98333,31
27.99167,28
28.00000,25
28.00833,22
28.01667,19
28.02500,16
28.03333,13
28.04167,10
28.05000,7
28.05833,3
28.06667,-0
28.07500,-4
28.08333,-8
28.09167,-12
28.10000,-15
28.10833,-19
28.11667,-22
28.12500,-26
28.13333,-29
28.14167,-33
28.15000,-36
28.15833,-40
28.16667,-43
28.17500,-46
28.18333,-49
28.19167,-53
28.20000,-56
28.20833,-59
28.21667,-62
28.22500,-64
28.23333,-67
28.24167,-69
28.25000,-72
28.25833,-74
28.26667,-76
28.27500,-78
28.28333,-81
28.29167,-82
28.30000,-83
28.30833,-84
28.31667,-85
28.32500,-86
28.33333,-87
28.34167,-88
28.35000,-88
28.35833,-88
28.36667,-88
28.37500,-87
28.38333,-87
28.39167,-86
28.40000,-85
28.40833,-85
28.41667,-84
28.42500,-82
28.43333,-80
28.44167,-79
28.45000,-77
28.45833,-75
28.46667,-73
28.47500,-70
28.48333,-68
28.49167,-66
28.50000,-63
28.50833,-61
28.51667,-58
28.52500,-55
28.53333,-52
28.54167,-49
28.55000,-45
28.55833,-42
28.56667,-39
28.57500,-36
28.58333,-33
28.59167,-30
28.60000,-27
28.60833,-23
28.61667,-20
28.62500,-17
28.63333,-14
28.64167,-11
28.65000,-8
28.65833,-5
28.66667,-2
28.67500,1
28.68333,4
28.69167,8
28.70000,10
28.70833,13
28.71667,16
28.72500,18
28.73333,21
28.74167,24
28.75000,26
28.75833,28
28.76667,30
28.77500,32
28.78333,35
28.79167,37
28.80000,39
28.80833,41
28.81667,43
28.82500,45
28.83333,47
28.84167,48
28.85000,50
28.85833,51
28.86667,52
28.87500,53
28.88333,54
28.89167,55
28.90000,56
28.90833,57
28.91667,58
28.92500,59
28.93333,60
28.94167,62
28.95000,63
28.95833,64
28.96667,65
28.97500,65
28.98333,65
28.99167,65
29.00000,66
29.00833,66
29.01667,67
29.02500,67
29.03333,67
29.04167,67
29.05000,67
29.05833,68
29.06667,68
29.07500,68
29.08333,68
29.09167,69
29.10000,69
29.10833,70
29.11667,70
29.12500,70
29.13333,71
29.14167,71
29.15000,71
29.15833,71
29.16667,71
29.17500,71
29.18333,71
29.19167,72
29.20000,72
29.20833,72
29.21667,72
29.22500,72
29.23333,72
29.24167,72
29.25000,72
29.25833,71
29.26667,71
29.27500,71
29.28333,71
29.29167,71
29.30000,71
29.30833,71
29.31667,71
29.32500,70
29.33333,70
29.34167,69
29.35000,69
29.35833,69
29.36667,68
29.37500,68
29.38333,68
29.39167,68
29.40000,67
29.40833,66
29.41667,66
29.42500,66
29.43333,65
29.44167,65
29.45000,64
29.45833,63
29.46667,63
29.47500,63
29.48333,63
29.49167,62
29.50000,61
29.50833,61
29.51667,60
29.52500,59
29.53333,58
29.54167,58
29.55000,57
29.55833,56
29.56667,56
29.57500,55
29.58333,54
29.59167,53
29.60000,53
29.60833,52
29.61667,52
29.62500,51
29.63333,50
29.64167,49
29.65000,49
29.65833,48
29.66667,48
29.67500,47
29.68333,46
29.69167,45
29.70000,44
29.70833,43
29.71667,43
29.72500,42
29.73333,42
29.74167,41
29.75000,40
29.75833,39
29.76667,38
29.77500,37
29.78333,36
29.79167,35
29.80000,34
29.80833,33
29.81667,32
29.82500,32
29.83333,31
29.84167,30
29.85000,29
29.85833,29
29.86667,28
29.87500,27
29.88333,26
29.89167,25
29.90000,24
29.90833,23
29.91667,22
29.92500,22
29.93333,21
29.94167,20
29.95000,20
29.95833,19
29.96667,18
29.97500,17
29.98333,17
29.99167,17
30.00000,16
30.00833,16
30.01667,15
30.02500,15
30.03333,15
30.04167,15
30.05000,15
30.05833,16
30.06667,15
30.07500,15
30.08333,15
30.09167,14
30.10000,14
30.10833,14
30.11667,15
30.12500,15
30.13333,16
30.14167,16
30.15000,16
30.15833,17
30.16667,17
30.17500,18
30.18333,18
30.19167,19
30.20000,20
30.20833,20
30.21667,21
30.22500,22
30.23333,23
30.24167,24
30.25000,25
30.25833,26
30.26667,27
30.27500,27
30.28333,28
30.29167,29
30.30000,29
30.30833,30
30.31667,31
30.32500,32
30.33333,34
30.34167,35
30.35000,36
30.35833,36
30.36667,37
30.37500,38
30.38333,39
30.39167,40
30.40000,41
30.40833,42
30.41667,42
30.42500,43
30.43333,44
30.44167,45
30.45000,45
30.45833,46
30.46667,47
30.47500,47
30.48333,48
30.49167,48
30.50000,49
30.50833,49
30.51667,49
30.52500,49
30.53333,50
30.54167,50
30.55000,50
30.55833,49
30.56667,49
30.57500,49
30.58333,49
30.59167,49
30.60000,49
30.60833,49
30.61667,49
30.62500,49
30.63333,49
30.64167,49
30.65000,48
30.65833,48
30.66667,47
30.67500,46
30.68333,46
30.69167,46
30.70000,45
30.70833,45
30.71667,45
30.72500,44
30.73333,44
30.74167,43
30.75000,42
30.75833,42
30.76667,41
30.77500,41
30.78333,40
30.79167,40
30.80000,39
30.80833,38
30.81667,37
30.82500,37
30.83333,36
30.84167,36
30.85000,35
30.85833,35
30.86667,35
30.87500,34
30.88333,34
30.89167,34
30.90000,33
30.90833,33
30.91667,33
30.92500,33
30.93333,33
30.94167,33
30.95000,33
30.95833,33
30.96667,33
30.97500,33
30.98333,33
30.99167,34
31.00000,34
31.00833,34
31.01667,35
31.02500,36
31.03333,36
31.04167,37
31.05000,37
31.05833,38
31.06667,40
31.07500,41
31.08333,41
31.09167,42
31.10000,43
31.10833,44
31.11667,46
31.12500,47
31.13333,48
31.14167,49
31.15000,51
31.15833,52
31.16667,54
31.17500,55
31.18333,56
31.19167,57
31.20000,59
31.20833,61
31.21667,62
31.22500,64
31.23333,65
31.24167,67
31.25000,68
31.25833,69
31.26667,71
31.27500,72
31.28333,73
31.29167,74
31.30000,75
31.30833,76
31.31667,77
31.32500,79
31.33333,80
31.34167,81
31.35000,82
31.35833,83
31.36667,84
31.37500,86
31.38333,87
31.39167,88
31.40000,88
31.40833,89
31.41667,90
31.42500,91
31.43333,91
31.44167,91
31.45000,92
31.45833,92
31.46667,93
31.47500,93
31.48333,94
31.49167,94
31.50000,94
31.50833,94
31.51667,94
31.52500,94
31.53333,94
31.54167,93
31.55000,93
31.55833,93
31.56667,93
31.57500,93
31.58333,93
31.59167,92
31.60000,92
31.60833,92
31.61667,91
31.62500,91
31.63333,90
31.64167,90
31.65000,89
31.65833,89
31.66667,89
31.67500,88
31.68333,88
31.69167,88
31.70000,87
31.70833,86
31.71667,86
31.72500,85
31.73333,85
31.74167,84
31.75000,84
31.75833,84
31.76667,83
31.77500,83
31.78333,82
31.79167,82
31.80000,81
31.80833,81
31.81667,81
31.82500,80
31.83333,80
31.84167,80
31.85000,79
31.85833,79
31.86667,78
31.87500,78
31.88333,78
31.89167,78
31.90000,78
31.90833,78
31.91667,78
31.92500,78
31.93333,78
31.94167,77
31.95000,77
31.95833,77
31.96667,77
31.97500,77
31.98333,76
31.99167,76
32.00000,75
32.00833,75
32.01667,74
32.02500,74
32.03333,74
32.04167,73
32.05000,73
32.05833,73
32.06667,72
32.07500,72
32.08333,72
32.09167,72
32.10000,72
32.10833,72
32.11667,72
32.12500,72
32.13333,72
32.14167,72
32.15000,71
32.15833,71
32.16667,71
32.17500,71
32.18333,71
32.19167,72
32.20000,72
32.20833,73
32.21667,73
32.22500,73
32.23333,73
32.24167,73
32.25000,73
32.25833,73
32.26667,73
32.27500,73
32.28333,74
32.29167,74
32.30000,75
32.30833,75
32.31667,75
32.32500,76
32.33333,76
32.34167,76
32.35000,76
32.35833,77
32.36667,77
32.37500,77
32.38333,78
32.39167,78
32.40000,79
32.40833,79
32.41667,80
32.42500,80
32.43333,81
32.44167,81
32.45000,81
32.45833,82
32.46667,83
32.47500,83
32.48333,84
32.49167,84
32.50000,84
32.50833,85
32.51667,85
32.52500,85
32.53333,85
32.54167,86
32.55000,86
32.55833,86
32.56667,86
32.57500,86
32.58333,86
32.59167,86
32.60000,86
32.60833,86
32.61667,86
32.62500,86
32.63333,86
32.64167,85
32.65000,85
32.65833,85
32.66667,85
32.67500,85
32.68333,86
32.69167,86
32.70000,86
32.70833,86
32.71667,85
32.72500,85
32.73333,85
32.74167,85
32.75000,84
32.75833,84
32.76667,83
32.77500,83
32.78333,83
32.79167,84
32.80000,84
32.80833,84
32.81667,84
32.82500,84
32.83333,84
32.84167,83
32.85000,83
32.85833,83
32.86667,83
32.87500,84
32.88333,84
32.89167,84
32.90000,84
32.90833,84
32.91667,84
32.92500,84
32.93333,84
32.94167,84
32.95000,84
32.95833,84
32.96667,85
32.97500,85
32.98333,85
32.99167,85
33.00000,85
33.00833,85
33.01667,85
33.02500,85
33.03333,86
33.04167,86
33.05000,87
33.05833,87
33.06667,87
33.07500,87
33.08333,87
33.09167,87
33.10000,88
33.10833,88
33.11667,88
33.12500,88
33.13333,88
33.14167,88
33.15000,89
33.15833,88
33.16667,88
33.17500,88
33.18333,89
33.19167,90
33.20000,90
33.20833,90
33.21667,91
33.22500,91
33.23333,91
33.24167,91
33.25000,91
33.25833,91
33.26667,92
33.27500,92
33.28333,92
33.29167,92
33.30000,92
33.30833,92
33.31667,92
33.32500,93
33.33333,93
33.34167,93
33.35000,93
33.35833,93
33.36667,93
33.37500,93
33.38333,93
33.39167,93
33.40000,93
33.40833,94
33.41667,94
33.42500,94
33.43333,94
33.44167,94
33.45000,94
33.45833,94
33.46667,94
33.47500,94
33.48333,94
33.49167,95
33.50000,95
33.50833,95
33.51667,95
33.52500,94
33.53333,95
33.54167,95
33.55000,95
33.55833,95
33.56667,95
33.57500,95
33.58333,95
33.59167,95
33.60000,95
33.60833,95
33.61667,95
33.62500,95
33.63333,95
33.64167,94
33.65000,94
33.65833,94
33.66667,94
33.67500,93
33.68333,93
33.69167,93
33.70000,93
33.70833,93
33.71667,92
33.72500,92
33.73333,91
33.74167,91
33.75000,91
33.75833,91
33.76667,91
33.77500,90
33.78333,90
33.79167,90
33.80000,90
33.80833,90
33.81667,89
33.82500,89
33.83333,88
33.84167,88
33.85000,88
33.85833,88
33.86667,87
33.87500,87
33.88333,87
33.89167,87
33.90000,87
33.90833,86
33.91667,86
33.92500,86
33.93333,86
33.94167,85
33.95000,85
33.95833,85
33.96667,84
33.97500,84
33.98333,84
33.99167,83
34.00000,83
34.00833,83
34.01667,82
34.02500,82
34.03333,82
34.04167,82
34.05000,82
34.05833,82
34.06667,81
34.07500,81
34.08333,81
34.09167,81
34.10000,81
34.10833,80
34.11667,80
34.12500,79
34.13333,79
34.14167,79
34.15000,79
34.15833,79
34.16667,80
34.17500,80
34.18333,80
34.19167,80
34.20000,79
34.20833,79
34.21667,79
34.22500,79
34.23333,79
34.24167,78
34.25000,78
34.25833,78
34.26667,78
34.27500,78
34.28333,79
34.29167,79
34.30000,79
34.30833,79
34.31667,79
34.32500,79
34.33333,79
34.34167,79
34.35000,79
34.35833,79
34.36667,80
34.37500,80
34.38333,80
34.39167,80
34.40000,81
34.40833,81
34.41667,81
34.42500,82
34.43333,82
34.44167,83
34.45000,84
34.45833,84
34.46667,84
34.47500,85
34.48333,86
34.49167,86
34.50000,87
34.50833,87
34.51667,88
34.52500,88
34.53333,89
34.54167,89
34.55000,89
34.55833,90
34.56667,91
34.57500,91
34.58333,92
34.59167,93
34.60000,93
34.60833,94
34.61667,95
34.62500,96
34.63333,97
34.64167,97
34.65000,98
34.65833,98
34.66667,98
34.67500,98
34.68333,98
34.69167,99
34.70000,99
34.70833,100
34.71667,100
34.72500,100
34.73333,101
34.74167,102
34.75000,102
34.75833,102
34.76667,102
34.77500,102
34.78333,102
34.79167,102
34.80000,102
34.80833,102
34.81667,102
34.82500,102
34.83333,102
34.84167,101
34.85000,101
34.85833,101
34.86667,101
34.87500,100
34.88333,100
34.89167,99
34.90000,99
34.90833,98
34.91667,98
34.92500,97
34.93333,96
34.94167,95
34.95000,95
34.95833,94
34.96667,94
34.97500,93
34.98333,93
34.99167,93
35.00000,92
35.00833,91
35.01667,91
35.02500,90
35.03333,89
35.04167,89
35.05000,88
35.05833,88
35.06667,87
35.07500,86
35.08333,86
35.09167,86
35.10000,85
35.10833,85
35.11667,84
35.12500,84
35.13333,84
35.14167,83
35.15000,83
35.15833,83
35.16667,83
35.17500,82
35.18333,82
35.19167,82
35.20000,81
35.20833,81
35.21667,80
35.22500,80
35.23333,80
35.24167,80
35.25000,79
35.25833,79
35.26667,79
35.27500,79
35.28333,78
35.29167,78
35.30000,78
35.30833,78
35.31667,78
35.32500,77
35.33333,77
35.34167,77
35.35000,76
35.35833,76
35.36667,76
35.37500,76
35.38333,75
35.39167,75
35.40000,74
35.40833,74
35.41667,74
35.42500,73
35.43333,73
35.44167,73
35.45000,73
35.45833,72
35.46667,72
35.47500,72
35.48333,72
35.49167,72
35.50000,71
35.50833,71
35.51667,71
35.52500,71
35.53333,71
35.54167,71
35.55000,71
35.55833,71
35.56667,71
35.57500,71
35.58333,72
35.59167,71
35.60000,71
35.60833,71
35.61667,71
35.62500,72
35.63333,72
35.64167,72
35.65000,73
35.65833,73
35.66667,73
35.67500,73
35.68333,74
35.69167,74
35.70000,75
35.70833,75
35.71667,76
35.72500,77
35.73333,78
35.74167,78
35.75000,79
35.75833,80
35.76667,80
35.77500,81
35.78333,81
35.79167,82
35.80000,83
35.80833,83
35.81667,84
35.82500,85
35.83333,86
35.84167,87
35.85000,87
35.85833,88
35.86667,89
35.87500,89
35.88333,90
35.89167,90
35.90000,90
35.90833,91
35.91667,91
35.92500,92
35.93333,92
35.94167,92
35.95000,93
35.95833,93
35.96667,93
35.97500,94
35.98333,94
35.99167,94
36.00000,94
36.00833,95
36.01667,95
36.02500,95
36.03333,96
36.04167,96
36.05000,96
36.05833,96
36.06667,96
36.07500,96
36.08333,96
36.09167,96
36.10000,95
36.10833,95
36.11667,95
36.12500,95
36.13333,95
36.14167,95
36.15000,95
36.15833,95
36.16667,94
36.17500,94
36.18333,95
36.19167,95
36.20000,95
36.20833,95
36.21667,95
36.22500,95
36.23333,95
36.24167,95
36.25000,95
36.25833,95
36.26667,95
36.27500,95
36.28333,96
36.29167,96
36.30000,96
36.30833,97
36.31667,97
36.32500,97
36.33333,97
36.34167,98
36.35000,98
36.35833,99
36.36667,99
36.37500,100
36.38333,100
36.39167,100
36.40000,101
36.40833,102
36.41667,102
36.42500,102
36.43333,103
36.44167,103
36.45000,104
36.45833,104
36.46667,104
36.47500,104
36.48333,105
36.49167,105
36.50000,105
36.50833,106
36.51667,106
36.52500,106
36.53333,106
36.54167,106
36.55000,106
36.55833,107
36.56667,107
36.57500,107
36.58333,107
36.59167,107
36.60000,107
36.60833,108
36.61667,108
36.62500,108
36.63333,108
36.64167,108
36.65000,108
36.65833,108
36.66667,108
36.67500,108
36.68333,108
36.69167,108
36.70000,107
36.70833,107
36.71667,107
36.72500,106
36.73333,106
36.74167,105
36.75000,105
36.75833,105
36.76667,104
36.77500,104
36.78333,104
36.79167,103
36.80000,103
36.80833,102
36.81667,102
36.82500,101
36.83333,101
36.84167,100
36.85000,100
36.85833,99
36.86667,98
36.87500,98
36.88333,97
36.89167,97
36.90000,97
36.90833,96
36.91667,96
36.92500,95
36.93333,95
36.94167,94
36.95000,93
36.95833,93
36.96667,92
36.97500,92
36.98333,91
36.99167,91
37.00000,90
37.00833,90
37.01667,89
37.02500,89
37.03333,89
37.04167,88
37.05000,88
37.05833,87
37.06667,87
37.07500,87
37.08333,87
37.09167,86
37.10000,86
37.10833,86
37.11667,86
37.12500,85
37.13333,85
37.14167,84
37.15000,84
37.15833,84
37.16667,84
37.17500,84
37.18333,84
37.19167,83
37.20000,83
37.20833,83
37.21667,83
37.22500,83
37.23333,83
37.24167,84
37.25000,84
37.25833,84
37.26667,84
37.27500,85
37.28333,85
37.29167,86
37.30000,87
37.30833,87
37.31667,88
37.32500,88
37.33333,89
37.34167,89
37.35000,90
37.35833,90
37.36667,90
37.37500,91
37.38333,92
37.39167,92
37.40000,93
37.40833,94
37.41667,95
37.42500,96
37.43333,97
37.44167,97
37.45000,98
37.45833,98
37.46667,98
37.47500,99
37.48333,99
37.49167,100
37.50000,100
37.50833,101
37.51667,102
37.52500,103
37.53333,103
37.54167,104
37.55000,104
37.55833,105
37.56667,105
37.57500,105
37.58333,105
37.59167,106
37.60000,106
37.60833,106
37.61667,106
37.62500,106
37.63333,106
37.64167,106
37.65000,106
37.65833,106
37.66667,106
37.67500,106
37.68333,106
37.69167,106
37.70000,105
37.70833,105
37.71667,105
37.72500,105
37.73333,104
37.74167,104
37.75000,103
37.75833,103
37.76667,102
37.77500,101
37.78333,100
37.79167,100
37.80000,99
37.80833,99
37.81667,99
37.82500,98
37.83333,98
37.84167,98
37.85000,97
37.85833,96
37.86667,95
37.87500,95
37.88333,95
37.89167,94
37.90000,93
37.90833,93
37.91667,92
37.92500,92
37.93333,92
37.94167,92
37.95000,92
37.95833,92
37.96667,92
37.97500,92
37.98333,91
37.99167,91
38.00000,91
38.00833,91
38.01667,91
38.02500,91
38.03333,91
38.04167,91
38.05000,91
38.05833,91
38.06667,91
38.07500,91
38.08333,91
38.09167,92
38.10000,92
38.10833,92
38.11667,93
38.12500,93
38.13333,93
38.14167,94
38.15000,94
38.15833,95
38.16667,95
38.17500,95
38.18333,96
38.19167,96
38.20000,96
38.20833,96
38.21667,97
38.22500,97
38.23333,98
38.24167,98
38.25000,98
38.25833,98
38.26667,98
38.27500,99
38.28333,99
38.29167,99
38.30000,99
38.30833,100
38.31667,100
38.32500,100
38.33333,100
38.34167,100
38.35000,100
38.35833,100
38.36667,100
38.37500,101
38.38333,101
38.39167,102
38.40000,102
38.40833,102
38.41667,102
38.42500,102
38.43333,102
38.44167,101
38.45000,101
38.45833,101
38.46667,101
38.47500,102
38.48333,102
38.49167,102
38.50000,102
38.50833,102
38.51667,102
38.52500,102
38.53333,102
38.54167,102
38.55000,102
38.55833,102
38.56667,102
38.57500,102
38.58333,102
38.59167,102
38.60000,102
38.60833,102
38.61667,102
38.62500,103
38.63333,103
38.64167,104
38.65000,104
38.65833,104
38.66667,103
38.67500,103
38.68333,104
38.69167,104
38.70000,105
38.70833,105
38.71667,105
38.72500,106
38.73333,106
38.74167,106
38.75000,106
38.75833,106
38.76667,106
38.77500,107
38.78333,107
38.79167,107
38.80000,108
38.80833,108
38.81667,108
38.82500,108
38.83333,108
38.84167,108
38.85000,108
38.85833,109
38.86667,109
38.87500,109
38.88333,109
38.89167,109
38.90000,109
38.90833,109
38.91667,110
38.92500,110
38.93333,110
38.94167,110
38.95000,110
38.95833,110
38.96667,110
38.97500,109
38.98333,110
38.99167,109
39.00000,109
39.00833,109
39.01667,109
39.02500,109
39.03333,108
39.04167,108
39.05000,108
39.05833,108
39.06667,107
39.07500,108
39.08333,108
39.09167,107
39.10000,107
39.10833,107
39.11667,106
39.12500,106
39.13333,105
39.14167,105
39.15000,105
39.15833,105
39.16667,105
39.17500,105
39.18333,105
39.19167,105
39.20000,105
39.20833,104
39.21667,104
39.22500,104
39.23333,104
39.24167,104
39.25000,103
39.25833,103
39.26667,103
39.27500,103
39.28333,102
39.29167,102
39.30000,102
39.30833,102
39.31667,102
39.32500,102
39.33333,101
39.34167,101
39.35000,101
39.35833,101
39.36667,101
39.37500,101
39.38333,101
39.39167,101
39.40000,101
39.40833,100
39.41667,100
39.42500,100
39.43333,100
39.44167,99
39.45000,99
39.45833,99
39.46667,99
39.47500,99
39.48333,99
39.49167,99
39.50000,99
39.50833,99
39.51667,99
39.52500,99
39.53333,99
39.54167,100
39.55000,100
39.55833,100
39.56667,100
39.57500,100
39.58333,100
39.59167,100
39.60000,100
39.60833,100
39.61667,99
39.62500,99
39.63333,99
39.64167,99
39.65000,98
39.65833,98
39.66667,98
39.67500,98
39.68333,98
39.69167,98
39.70000,98
39.70833,98
39.71667,98
39.72500,98
39.73333,97
39.74167,97
39.75000,97
39.75833,97
39.76667,97
39.77500,96
39.78333,96
39.79167,96
39.80000,96
39.80833,95
39.81667,95
39.82500,95
39.83333,95
39.84167,95
39.85000,94
39.85833,93
39.86667,93
39.87500,93
39.88333,93
39.89167,93
39.90000,93
39.90833,93
39.91667,93
39.92500,93
39.93333,92
39.94167,92
39.95000,92
39.95833,92
39.96667,92
39.97500,92
39.98333,92
39.99167,92
40.00000,92

